0.0030 0.0000 0.0000 0.1465 0.0000 0.0000 0.0000 0.0000 0.0000 0.0000 0.0000 0.0000 0.0000
0.0210 0.0000 0.0000 0.1465 0.0000 0.0000 0.0000 0.0000 0.0000 0.0000 0.0000 0.0000 0.0000
0.0300 0.0000 0.0000 0.1465 0.0000 0.0000 0.0000 0.0000 0.0000 0.0000 0.0000 0.0000 0.0000
0.0480 0.0000 0.0000 0.1465 0.0000 0.0000 0.0000 0.0000 0.0000 0.0000 0.0000 0.0000 0.0000
0.0600 0.0000 0.0000 0.1465 0.0000 0.0000 0.0000 0.0000 0.0000 0.0000 0.0000 0.0000 0.0000
0.0720 0.0000 0.0000 0.1465 0.0000 0.0000 0.0000 0.0000 0.0000 0.0000 0.0000 0.0000 0.0000
0.0780 0.0000 0.0000 0.1465 0.0000 0.0000 0.0000 0.0000 0.0000 0.0000 0.0000 0.0000 0.0000
0.0900 0.0000 0.0000 0.1465 0.0000 0.0000 0.0000 0.0000 0.0000 0.0000 0.0000 0.0000 0.0000
0.0990 0.0000 0.0000 0.1465 0.0000 0.0000 0.0000 0.0000 0.0000 0.0000 0.0000 0.0000 0.0000
0.1080 0.0000 0.0000 0.1465 0.0000 0.0000 0.0000 0.0000 0.0000 0.0000 0.0000 0.0000 0.0000
0.1170 0.0000 0.0000 0.1465 0.0000 0.0000 0.0000 0.0000 0.0000 0.0000 0.0000 0.0000 0.0000
0.1260 0.0000 0.0000 0.1465 0.0000 0.0000 0.0000 0.0000 0.0000 0.0000 0.0000 0.0000 0.0000
0.1380 0.0000 0.0000 0.1465 0.0000 0.0000 0.0000 0.0000 0.0000 0.0000 0.0000 0.0000 0.0000
0.1440 0.0000 0.0000 0.1465 0.0000 0.0000 0.0000 0.0000 0.0000 0.0000 0.0000 0.0000 0.0000
0.1560 0.0000 0.0000 0.1465 0.0000 0.0000 0.0000 0.0000 0.0000 0.0000 0.0000 0.0000 0.0000
0.1650 0.0000 0.0000 0.1465 0.0000 0.0000 0.0000 0.0000 0.0000 0.0000 0.0000 0.0000 0.0000
0.1740 0.0000 0.0000 0.1465 0.0000 0.0000 0.0000 0.0000 0.0000 0.0000 0.0000 0.0000 0.0000
0.1830 0.0000 0.0000 0.1465 0.0000 0.0000 0.0000 0.0000 0.0000 0.0000 0.0000 0.0000 0.0000
0.1890 0.0000 0.0000 0.1465 0.0000 0.0000 0.0000 0.0000 0.0000 0.0000 0.0000 0.0000 0.0000
0.2010 0.0000 0.0000 0.1465 0.0000 0.0000 0.0000 0.0000 0.0000 0.0000 0.0000 0.0000 0.0000
0.2160 0.0000 0.0000 0.1465 0.0000 0.0000 0.0000 0.0000 0.0000 0.0000 0.0000 0.0000 0.0000
0.2280 0.0000 0.0000 0.1465 0.0000 0.0000 0.0000 0.0000 0.0000 0.0000 0.0000 0.0000 0.0000
0.2400 0.0000 0.0000 0.1465 0.0000 0.0000 0.0000 0.0000 0.0000 0.0000 0.0000 0.0000 0.0000
0.2550 0.0000 0.0000 0.1465 0.0000 0.0000 0.0000 0.0000 0.0000 0.0000 0.0000 0.0000 0.0000
0.2640 0.0000 0.0000 0.1465 0.0000 0.0000 0.0000 0.0000 0.0000 0.0000 0.0000 0.0000 0.0000
0.2790 0.0000 0.0000 0.1465 0.0000 0.0000 0.0000 0.0000 0.0000 0.0000 0.0000 0.0000 0.0000
0.2880 0.0000 0.0000 0.1465 0.0000 0.0000 0.0000 0.0000 0.0000 0.0000 0.0000 0.0000 0.0000
0.3030 0.0000 0.0000 0.1465 0.0000 0.0000 0.0000 0.0000 0.0000 0.0000 0.0000 0.0000 0.0000
0.3180 0.0000 0.0000 0.1465 0.0000 0.0000 0.0000 0.0000 0.0000 0.0000 0.0000 0.0000 0.0000
0.3270 0.0000 0.0000 0.1465 0.0000 0.0000 0.0000 0.0000 0.0000 0.0000 0.0000 0.0000 0.0000
0.3390 0.0000 0.0000 0.1465 0.0000 0.0000 0.0000 0.0000 0.0000 0.0000 0.0000 0.0000 0.0000
0.3480 0.0000 0.0000 0.1465 0.0000 0.0000 0.0000 0.0000 0.0000 0.0000 0.0000 0.0000 0.0000
0.3570 0.0000 0.0000 0.1465 0.0000 0.0000 0.0000 0.0000 0.0000 0.0000 0.0000 0.0000 0.0000
0.3660 0.0000 0.0000 0.1465 0.0000 0.0000 0.0000 0.0000 0.0000 0.0000 0.0000 0.0000 0.0000
0.3750 0.0000 0.0000 0.1465 0.0000 0.0000 0.0000 0.0000 0.0000 0.0000 0.0000 0.0000 0.0000
0.3870 0.0000 0.0000 0.1465 0.0000 0.0000 0.0000 0.0000 0.0000 0.0000 0.0000 0.0000 0.0000
0.3960 0.0000 0.0000 0.1465 0.0000 0.0000 0.0000 0.0000 0.0000 0.0000 0.0000 0.0000 0.0000
0.4050 0.0000 0.0000 0.1465 0.0000 0.0000 0.0000 0.0000 0.0000 0.0000 0.0000 0.0000 0.0000
0.4170 0.0000 0.0000 0.1465 0.0000 0.0000 0.0000 0.0000 0.0000 0.0000 0.0000 0.0000 0.0000
0.4260 0.0000 0.0000 0.1465 0.0000 0.0000 0.0000 0.0000 0.0000 0.0000 0.0000 0.0000 0.0000
0.4350 0.0000 0.0000 0.1465 0.0000 0.0000 0.0000 0.0000 0.0000 0.0000 0.0000 0.0000 0.0000
0.4470 0.0000 0.0000 0.1465 0.0000 0.0000 0.0000 0.0000 0.0000 0.0000 0.0000 0.0000 0.0000
0.4530 0.0000 0.0000 0.1465 0.0000 0.0000 0.0000 0.0000 0.0000 0.0000 0.0000 0.0000 0.0000
0.4650 0.0000 0.0000 0.1465 0.0000 0.0000 0.0000 0.0000 0.0000 0.0000 0.0000 0.0000 0.0000
0.4710 0.0000 0.0000 0.1465 0.0000 0.0000 0.0000 0.0000 0.0000 0.0000 0.0000 0.0000 0.0000
0.4800 0.0000 0.0000 0.1465 0.0000 0.0000 0.0000 0.0000 0.0000 0.0000 0.0000 0.0000 0.0000
0.4890 0.0000 0.0000 0.1465 0.0000 0.0000 0.0000 0.0000 0.0000 0.0000 0.0000 0.0000 0.0000
0.5010 0.0000 0.0000 0.1465 0.0000 0.0000 0.0000 0.0000 0.0000 0.0000 0.0000 0.0000 0.0000
0.5160 0.0000 0.0000 0.1465 0.0000 0.0000 0.0000 0.0000 0.0000 0.0000 0.0000 0.0000 0.0000
0.5250 0.0000 0.0000 0.1465 0.0000 0.0000 0.0000 0.0000 0.0000 0.0000 0.0000 0.0000 0.0000
0.5370 0.0000 0.0000 0.1465 0.0000 0.0000 0.0000 0.0000 0.0000 0.0000 0.0000 0.0000 0.0000
0.5430 0.0000 0.0000 0.1465 0.0000 0.0000 0.0000 0.0000 0.0000 0.0000 0.0000 0.0000 0.0000
0.5550 0.0000 0.0000 0.1465 0.0000 0.0000 0.0000 0.0000 0.0000 0.0000 0.0000 0.0000 0.0000
0.5640 0.0000 0.0000 0.1465 0.0000 0.0000 0.0000 0.0000 0.0000 0.0000 0.0000 0.0000 0.0000
0.5730 0.0000 0.0000 0.1465 0.0000 0.0000 0.0000 0.0000 0.0000 0.0000 0.0000 0.0000 0.0000
0.5820 0.0000 0.0000 0.1465 0.0000 0.0000 0.0000 0.0000 0.0000 0.0000 0.0000 0.0000 0.0000
0.5940 0.0000 0.0000 0.1465 0.0000 0.0000 0.0000 0.0000 0.0000 0.0000 0.0000 0.0000 0.0000
0.6060 0.0000 0.0000 0.1465 0.0000 0.0000 0.0000 0.0000 0.0000 0.0000 0.0000 0.0000 0.0000
0.6150 0.0000 0.0000 0.1465 0.0000 0.0000 0.0000 0.0000 0.0000 0.0000 0.0000 0.0000 0.0000
0.6270 0.0000 0.0000 0.1465 0.0000 0.0000 0.0000 0.0000 0.0000 0.0000 0.0000 0.0000 0.0000
0.6390 0.0000 0.0000 0.1465 0.0000 0.0000 0.0000 0.0000 0.0000 0.0000 0.0000 0.0000 0.0000
0.6480 0.0000 0.0000 0.1465 0.0000 0.0000 0.0000 0.0000 0.0000 0.0000 0.0000 0.0000 0.0000
0.6600 0.0000 0.0000 0.1465 0.0000 0.0000 0.0000 0.0000 0.0000 0.0000 0.0000 0.0000 0.0000
0.6690 0.0000 0.0000 0.1465 0.0000 0.0000 0.0000 0.0000 0.0000 0.0000 0.0000 0.0000 0.0000
0.6810 0.0000 0.0000 0.1465 0.0000 0.0000 0.0000 0.0000 0.0000 0.0000 0.0000 0.0000 0.0000
0.6930 0.0000 0.0000 0.1465 0.0000 0.0000 0.0000 0.0000 0.0000 0.0000 0.0000 0.0000 0.0000
0.7050 0.0000 0.0000 0.1465 0.0000 0.0000 0.0000 0.0000 0.0000 0.0000 0.0000 0.0000 0.0000
0.7170 0.0000 0.0000 0.1465 0.0000 0.0000 0.0000 0.0000 0.0000 0.0000 0.0000 0.0000 0.0000
0.7350 0.0000 0.0000 0.1465 0.0000 0.0000 0.0000 0.0000 0.0000 0.0000 0.0000 0.0000 0.0000
0.7470 0.0000 0.0000 0.1465 0.0000 0.0000 0.0000 0.0000 0.0000 0.0000 0.0000 0.0000 0.0000
0.7620 0.0000 0.0000 0.1465 0.0000 0.0000 0.0000 0.0000 0.0000 0.0000 0.0000 0.0000 0.0000
0.7800 0.0000 0.0000 0.1465 0.0000 0.0000 0.0000 0.0000 0.0000 0.0000 0.0000 0.0000 0.0000
0.7950 0.0000 0.0000 0.1465 0.0000 0.0000 0.0000 0.0000 0.0000 0.0000 0.0000 0.0000 0.0000
0.8040 0.0000 0.0000 0.1465 0.0000 0.0000 0.0000 0.0000 0.0000 0.0000 0.0000 0.0000 0.0000
0.8160 0.0000 0.0000 0.1465 0.0000 0.0000 0.0000 0.0000 0.0000 0.0000 0.0000 0.0000 0.0000
0.8310 0.0000 0.0000 0.1465 0.0000 0.0000 0.0000 0.0000 0.0000 0.0000 0.0000 0.0000 0.0000
0.8430 0.0000 0.0000 0.1465 0.0000 0.0000 0.0000 0.0000 0.0000 0.0000 0.0000 0.0000 0.0000
0.8520 0.0000 0.0000 0.1465 0.0000 0.0000 0.0000 0.0000 0.0000 0.0000 0.0000 0.0000 0.0000
0.8640 0.0000 0.0000 0.1465 0.0000 0.0000 0.0000 0.0000 0.0000 0.0000 0.0000 0.0000 0.0000
0.8760 0.0000 0.0000 0.1465 0.0000 0.0000 0.0000 0.0000 0.0000 0.0000 0.0000 0.0000 0.0000
0.8910 0.0000 0.0000 0.1465 0.0000 0.0000 0.0000 0.0000 0.0000 0.0000 0.0000 0.0000 0.0000
0.9030 0.0000 0.0000 0.1465 0.0000 0.0000 0.0000 0.0000 0.0000 0.0000 0.0000 0.0000 0.0000
0.9180 0.0000 0.0000 0.1465 0.0000 0.0000 0.0000 0.0000 0.0000 0.0000 0.0000 0.0000 0.0000
0.9330 0.0000 0.0000 0.1465 0.0000 0.0000 0.0000 0.0000 0.0000 0.0000 0.0000 0.0000 0.0000
0.9450 0.0000 0.0000 0.1465 0.0000 0.0000 0.0000 0.0000 0.0000 0.0000 0.0000 0.0000 0.0000
0.9600 0.0000 0.0000 0.1465 0.0000 0.0000 0.0000 0.0000 0.0000 0.0000 0.0000 0.0000 0.0000
0.9720 0.0000 0.0000 0.1465 0.0000 0.0000 0.0000 0.0000 0.0000 0.0000 0.0000 0.0000 0.0000
0.9900 0.0000 0.0000 0.1465 0.0000 0.0000 0.0000 0.0000 0.0000 0.0000 0.0000 0.0000 0.0000
1.0020 0.0000 0.0000 0.1465 0.0000 0.0000 0.0000 0.0000 0.0000 0.0000 0.0000 0.0000 0.0000
1.0170 0.0000 0.0000 0.1465 0.0000 0.0000 0.0000 0.0000 0.0000 0.0000 0.0000 0.0000 0.0000
1.0290 0.0000 0.0000 0.1465 0.0000 0.0000 0.0000 0.0000 0.0000 0.0000 0.0000 0.0000 0.0000
1.0410 0.0000 0.0000 0.1465 0.0000 0.0000 0.0000 0.0000 0.0000 0.0000 0.0000 0.0000 0.0000
1.0590 0.0000 0.0000 0.1465 0.0000 0.0000 0.0000 0.0000 0.0000 0.0000 0.0000 0.0000 0.0000
1.0680 0.0000 0.0000 0.1465 0.0000 0.0000 0.0000 0.0000 0.0000 0.0000 0.0000 0.0000 0.0000
1.0800 0.0000 0.0000 0.1465 0.0000 0.0000 0.0000 0.0000 0.0000 0.0000 0.0000 0.0000 0.0000
1.0950 0.0000 0.0000 0.1465 0.0000 0.0000 0.0000 0.0000 0.0000 0.0000 0.0000 0.0000 0.0000
1.1070 0.0000 0.0000 0.1465 0.0000 0.0000 0.0000 0.0000 0.0000 0.0000 0.0000 0.0000 0.0000
1.1190 0.0000 0.0000 0.1465 0.0000 0.0000 0.0000 0.0000 0.0000 0.0000 0.0000 0.0000 0.0000
1.1310 0.0000 0.0000 0.1465 0.0000 0.0000 0.0000 0.0000 0.0000 0.0000 0.0000 0.0000 0.0000
1.1400 0.0000 0.0000 0.1465 0.0000 0.0000 0.0000 0.0000 0.0000 0.0000 0.0000 0.0000 0.0000
1.1610 0.0000 0.0000 0.1465 0.0000 0.0000 0.0000 0.0000 0.0000 0.0000 0.0000 0.0000 0.0000
1.1700 0.0000 0.0000 0.1465 0.0000 0.0000 0.0000 0.0000 0.0000 0.0000 0.0000 0.0000 0.0000
1.1850 0.0000 0.0000 0.1465 0.0000 0.0000 0.0000 0.0000 0.0000 0.0000 0.0000 0.0000 0.0000
1.1970 0.0000 0.0000 0.1465 0.0000 0.0000 0.0000 0.0000 0.0000 0.0000 0.0000 0.0000 0.0000
1.2090 0.0000 0.0000 0.1465 0.0000 0.0000 0.0000 0.0000 0.0000 0.0000 0.0000 0.0000 0.0000
1.2210 0.0000 0.0000 0.1465 0.0000 0.0000 0.0000 0.0000 0.0000 0.0000 0.0000 0.0000 0.0000
1.2300 0.0000 0.0000 0.1465 0.0000 0.0000 0.0000 0.0000 0.0000 0.0000 0.0000 0.0000 0.0000
1.2420 0.0000 0.0000 0.1465 0.0000 0.0000 0.0000 0.0000 0.0000 0.0000 0.0000 0.0000 0.0000
1.2510 0.0000 0.0000 0.1465 0.0000 0.0000 0.0000 0.0000 0.0000 0.0000 0.0000 0.0000 0.0000
1.2630 0.0000 0.0000 0.1465 0.0000 0.0000 0.0000 0.0000 0.0000 0.0000 0.0000 0.0000 0.0000
1.2720 0.0000 0.0000 0.1465 0.0000 0.0000 0.0000 0.0000 0.0000 0.0000 0.0000 0.0000 0.0000
1.2840 0.0000 0.0000 0.1465 0.0000 0.0000 0.0000 0.0000 0.0000 0.0000 0.0000 0.0000 0.0000
1.2960 0.0000 0.0000 0.1465 0.0000 0.0000 0.0000 0.0000 0.0000 0.0000 0.0000 0.0000 0.0000
1.3080 0.0000 0.0000 0.1465 0.0000 0.0000 0.0000 0.0000 0.0000 0.0000 0.0000 0.0000 0.0000
1.3230 0.0000 0.0000 0.1465 0.0000 0.0000 0.0000 0.0000 0.0000 0.0000 0.0000 0.0000 0.0000
1.3350 0.0000 0.0000 0.1465 0.0000 0.0000 0.0000 0.0000 0.0000 0.0000 0.0000 0.0000 0.0000
1.3470 0.0000 0.0000 0.1465 0.0000 0.0000 0.0000 0.0000 0.0000 0.0000 0.0000 0.0000 0.0000
1.3560 0.0000 0.0000 0.1465 0.0000 0.0000 0.0000 0.0000 0.0000 0.0000 0.0000 0.0000 0.0000
1.3680 0.0000 0.0000 0.1465 0.0000 0.0000 0.0000 0.0000 0.0000 0.0000 0.0000 0.0000 0.0000
1.3800 0.0000 0.0000 0.1465 0.0000 0.0000 0.0000 0.0000 0.0000 0.0000 0.0000 0.0000 0.0000
1.3950 0.0000 0.0000 0.1465 0.0000 0.0000 0.0000 0.0000 0.0000 0.0000 0.0000 0.0000 0.0000
1.4040 0.0000 0.0000 0.1465 0.0000 0.0000 0.0000 0.0000 0.0000 0.0000 0.0000 0.0000 0.0000
1.4160 0.0000 0.0000 0.1465 0.0000 0.0000 0.0000 0.0000 0.0000 0.0000 0.0000 0.0000 0.0000
1.4340 0.0000 0.0000 0.1465 0.0000 0.0000 0.0000 0.0000 0.0000 0.0000 0.0000 0.0000 0.0000
1.4430 0.0000 0.0000 0.1465 0.0000 0.0000 0.0000 0.0000 0.0000 0.0000 0.0000 0.0000 0.0000
1.4580 0.0000 0.0000 0.1465 0.0000 0.0000 0.0000 0.0000 0.0000 0.0000 0.0000 0.0000 0.0000
1.4790 0.0000 0.0000 0.1465 0.0000 0.0000 0.0000 0.0000 0.0000 0.0000 0.0000 0.0000 0.0000
1.4880 0.0000 0.0000 0.1465 0.0000 0.0000 0.0000 0.0000 0.0000 0.0000 0.0000 0.0000 0.0000
1.5000 0.0000 0.0000 0.1465 0.0000 0.0000 0.0000 0.0000 0.0000 0.0000 0.0000 0.0000 0.0000
1.5090 0.0000 0.0000 0.1465 0.0000 0.0000 0.0000 0.0000 0.0000 0.0000 0.0000 0.0000 0.0000
1.5300 0.0000 0.0000 0.1465 0.0000 0.0000 0.0000 0.0000 0.0000 0.0000 0.0000 0.0000 0.0000
1.5390 0.0000 0.0000 0.1465 0.0000 0.0000 0.0000 0.0000 0.0000 0.0000 0.0000 0.0000 0.0000
1.5540 0.0000 0.0000 0.1465 0.0000 0.0000 0.0000 0.0000 0.0000 0.0000 0.0000 0.0000 0.0000
1.5660 0.0000 0.0000 0.1465 0.0000 0.0000 0.0000 0.0000 0.0000 0.0000 0.0000 0.0000 0.0000
1.5750 0.0000 0.0000 0.1465 0.0000 0.0000 0.0000 0.0000 0.0000 0.0000 0.0000 0.0000 0.0000
1.5900 0.0000 0.0000 0.1465 0.0000 0.0000 0.0000 0.0000 0.0000 0.0000 0.0000 0.0000 0.0000
1.6020 0.0000 0.0000 0.1465 0.0000 0.0000 0.0000 0.0000 0.0000 0.0000 0.0000 0.0000 0.0000
1.6110 0.0000 0.0000 0.1465 0.0000 0.0000 0.0000 0.0000 0.0000 0.0000 0.0000 0.0000 0.0000
1.6290 0.0000 0.0000 0.1465 0.0000 0.0000 0.0000 0.0000 0.0000 0.0000 0.0000 0.0000 0.0000
1.6440 0.0000 0.0000 0.1465 0.0000 0.0000 0.0000 0.0000 0.0000 0.0000 0.0000 0.0000 0.0000
1.6650 0.0000 0.0000 0.1465 0.0000 0.0000 0.0000 0.0000 0.0000 0.0000 0.0000 0.0000 0.0000
1.6830 0.0000 0.0000 0.1465 0.0000 0.0000 0.0000 0.0000 0.0000 0.0000 0.0000 0.0000 0.0000
1.6950 0.0000 0.0000 0.1465 0.0000 0.0000 0.0000 0.0000 0.0000 0.0000 0.0000 0.0000 0.0000
1.7100 0.0000 0.0000 0.1465 0.0000 0.0000 0.0000 0.0000 0.0000 0.0000 0.0000 0.0000 0.0000
1.7190 0.0000 0.0000 0.1465 0.0000 0.0000 0.0000 0.0000 0.0000 0.0000 0.0000 0.0000 0.0000
1.7310 0.0000 0.0000 0.1465 0.0000 0.0000 0.0000 0.0000 0.0000 0.0000 0.0000 0.0000 0.0000
1.7460 0.0000 0.0000 0.1465 0.0000 0.0000 0.0000 0.0000 0.0000 0.0000 0.0000 0.0000 0.0000
1.7610 0.0000 0.0000 0.1465 0.0000 0.0000 0.0000 0.0000 0.0000 0.0000 0.0000 0.0000 0.0000
1.7760 0.0000 0.0000 0.1465 0.0000 0.0000 0.0000 0.0000 0.0000 0.0000 0.0000 0.0000 0.0000
1.7880 0.0000 0.0000 0.1465 0.0000 0.0000 0.0000 0.0000 0.0000 0.0000 0.0000 0.0000 0.0000
1.8060 0.0000 0.0000 0.1465 0.0000 0.0000 0.0000 0.0000 0.0000 0.0000 0.0000 0.0000 0.0000
1.8240 0.0000 0.0000 0.1465 0.0000 0.0000 0.0000 0.0000 0.0000 0.0000 0.0000 0.0000 0.0000
1.8390 0.0000 0.0000 0.1465 0.0000 0.0000 0.0000 0.0000 0.0000 0.0000 0.0000 0.0000 0.0000
1.8570 0.0000 0.0000 0.1465 0.0000 0.0000 0.0000 0.0000 0.0000 0.0000 0.0000 0.0000 0.0000
1.8690 0.0000 0.0000 0.1465 0.0000 0.0000 0.0000 0.0000 0.0000 0.0000 0.0000 0.0000 0.0000
1.8870 0.0000 0.0000 0.1465 0.0000 0.0000 0.0000 0.0000 0.0000 0.0000 0.0000 0.0000 0.0000
1.8990 0.0000 0.0000 0.1465 0.0000 0.0000 0.0000 0.0000 0.0000 0.0000 0.0000 0.0000 0.0000
1.9140 0.0000 0.0000 0.1465 0.0000 0.0000 0.0000 0.0000 0.0000 0.0000 0.0000 0.0000 0.0000
1.9230 0.0000 0.0000 0.1465 0.0000 0.0000 0.0000 0.0000 0.0000 0.0000 0.0000 0.0000 0.0000
1.9380 0.0000 0.0000 0.1465 0.0000 0.0000 0.0000 0.0000 0.0000 0.0000 0.0000 0.0000 0.0000
1.9500 0.0000 0.0000 0.1465 0.0000 0.0000 0.0000 0.0000 0.0000 0.0000 0.0000 0.0000 0.0000
1.9590 0.0000 0.0000 0.1465 0.0000 0.0000 0.0000 0.0000 0.0000 0.0000 0.0000 0.0000 0.0000
1.9740 0.0000 0.0000 0.1465 0.0000 0.0000 0.0000 0.0000 0.0000 0.0000 0.0000 0.0000 0.0000
1.9920 0.0000 0.0000 0.1465 0.0000 0.0000 0.0000 0.0000 0.0000 0.0000 0.0000 0.0000 0.0000
2.0070 0.0000 0.0000 0.1465 0.0000 0.0000 0.0000 0.0000 0.0000 0.0000 0.0000 0.0000 0.0000
2.0190 0.0000 0.0000 0.1465 0.0000 0.0000 0.0000 0.0000 0.0000 0.0000 0.0000 0.0000 0.0000
2.0400 0.0000 0.0000 0.1465 0.0000 0.0000 0.0000 0.0000 0.0000 0.0000 0.0000 0.0000 0.0000
2.0520 0.0000 0.0000 0.1465 0.0000 0.0000 0.0000 0.0000 0.0000 0.0000 0.0000 0.0000 0.0000
2.0730 0.0000 0.0000 0.1465 0.0000 0.0000 0.0000 0.0000 0.0000 0.0000 0.0000 0.0000 0.0000
2.0910 0.0000 0.0000 0.1465 0.0000 0.0000 0.0000 0.0000 0.0000 0.0000 0.0000 0.0000 0.0000
2.1030 0.0000 0.0000 0.1465 0.0000 0.0000 0.0000 0.0000 0.0000 0.0000 0.0000 0.0000 0.0000
2.1210 0.0000 0.0000 0.1465 0.0000 0.0000 0.0000 0.0000 0.0000 0.0000 0.0000 0.0000 0.0000
2.1360 0.0000 0.0000 0.1465 0.0000 0.0000 0.0000 0.0000 0.0000 0.0000 0.0000 0.0000 0.0000
2.1510 0.0000 0.0000 0.1465 0.0000 0.0000 0.0000 0.0000 0.0000 0.0000 0.0000 0.0000 0.0000
2.1630 0.0000 0.0000 0.1465 0.0000 0.0000 0.0000 0.0000 0.0000 0.0000 0.0000 0.0000 0.0000
2.1750 0.0000 0.0000 0.1465 0.0000 0.0000 0.0000 0.0000 0.0000 0.0000 0.0000 0.0000 0.0000
2.1870 0.0000 0.0000 0.1465 0.0000 0.0000 0.0000 0.0000 0.0000 0.0000 0.0000 0.0000 0.0000
2.1990 0.0000 0.0000 0.1465 0.0000 0.0000 0.0000 0.0000 0.0000 0.0000 0.0000 0.0000 0.0000
2.2110 0.0000 0.0000 0.1465 0.0000 0.0000 0.0000 0.0000 0.0000 0.0000 0.0000 0.0000 0.0000
2.2290 0.0000 0.0000 0.1465 0.0000 0.0000 0.0000 0.0000 0.0000 0.0000 0.0000 0.0000 0.0000
2.2410 0.0000 0.0000 0.1465 0.0000 0.0000 0.0000 0.0000 0.0000 0.0000 0.0000 0.0000 0.0000
2.2560 0.0000 0.0000 0.1465 0.0000 0.0000 0.0000 0.0000 0.0000 0.0000 0.0000 0.0000 0.0000
2.2710 0.0000 0.0000 0.1465 0.0000 0.0000 0.0000 0.0000 0.0000 0.0000 0.0000 0.0000 0.0000
2.2830 0.0000 0.0000 0.1465 0.0000 0.0000 0.0000 0.0000 0.0000 0.0000 0.0000 0.0000 0.0000
2.3010 0.0000 0.0000 0.1465 0.0000 0.0000 0.0000 0.0000 0.0000 0.0000 0.0000 0.0000 0.0000
2.3160 0.0000 0.0000 0.1465 0.0000 0.0000 0.0000 0.0000 0.0000 0.0000 0.0000 0.0000 0.0000
2.3280 0.0000 0.0000 0.1465 0.0000 0.0000 0.0000 0.0000 0.0000 0.0000 0.0000 0.0000 0.0000
2.3431 0.0000 0.0000 0.1465 0.0000 0.0000 0.0000 0.0000 0.0000 0.0000 0.0000 0.0000 0.0000
2.3581 0.0000 0.0000 0.1465 0.0000 0.0000 0.0000 0.0000 0.0000 0.0000 0.0000 0.0000 0.0000
2.3761 0.0000 0.0000 0.1465 0.0000 0.0000 0.0000 0.0000 0.0000 0.0000 0.0000 0.0000 0.0000
2.3881 0.0000 0.0000 0.1465 0.0000 0.0000 0.0000 0.0000 0.0000 0.0000 0.0000 0.0000 0.0000
2.4001 0.0000 0.0000 0.1465 0.0000 0.0000 0.0000 0.0000 0.0000 0.0000 0.0000 0.0000 0.0000
2.4151 0.0000 0.0000 0.1465 0.0000 0.0000 0.0000 0.0000 0.0000 0.0000 0.0000 0.0000 0.0000
2.4301 0.0000 0.0000 0.1465 0.0000 0.0000 0.0000 0.0000 0.0000 0.0000 0.0000 0.0000 0.0000
2.4481 0.0000 0.0000 0.1465 0.0000 0.0000 0.0000 0.0000 0.0000 0.0000 0.0000 0.0000 0.0000
2.4601 0.0000 0.0000 0.1465 0.0000 0.0000 0.0000 0.0000 0.0000 0.0000 0.0000 0.0000 0.0000
2.4721 0.0000 0.0000 0.1465 0.0000 0.0000 0.0000 0.0000 0.0000 0.0000 0.0000 0.0000 0.0000
2.4871 0.0000 0.0000 0.1465 0.0000 0.0000 0.0000 0.0000 0.0000 0.0000 0.0000 0.0000 0.0000
2.4991 0.0000 0.0000 0.1465 0.0000 0.0000 0.0000 0.0000 0.0000 0.0000 0.0000 0.0000 0.0000
2.5141 0.0000 0.0000 0.1465 0.0000 0.0000 0.0000 0.0000 0.0000 0.0000 0.0000 0.0000 0.0000
2.5351 0.0000 0.0000 0.1465 0.0000 0.0000 0.0000 0.0000 0.0000 0.0000 0.0000 0.0000 0.0000
2.5531 0.0000 0.0000 0.1465 0.0000 0.0000 0.0000 0.0000 0.0000 0.0000 0.0000 0.0000 0.0000
2.5681 0.0000 0.0000 0.1465 0.0000 0.0000 0.0000 0.0000 0.0000 0.0000 0.0000 0.0000 0.0000
2.5771 0.0000 0.0000 0.1465 0.0000 0.0000 0.0000 0.0000 0.0000 0.0000 0.0000 0.0000 0.0000
2.5921 0.0000 0.0000 0.1465 0.0000 0.0000 0.0000 0.0000 0.0000 0.0000 0.0000 0.0000 0.0000
2.6101 0.0000 0.0000 0.1465 0.0000 0.0000 0.0000 0.0000 0.0000 0.0000 0.0000 0.0000 0.0000
2.6221 0.0000 0.0000 0.1465 0.0000 0.0000 0.0000 0.0000 0.0000 0.0000 0.0000 0.0000 0.0000
2.6371 0.0000 0.0000 0.1465 0.0000 0.0000 0.0000 0.0000 0.0000 0.0000 0.0000 0.0000 0.0000
2.6491 0.0000 0.0000 0.1465 0.0000 0.0000 0.0000 0.0000 0.0000 0.0000 0.0000 0.0000 0.0000
2.6641 0.0000 0.0000 0.1465 0.0000 0.0000 0.0000 0.0000 0.0000 0.0000 0.0000 0.0000 0.0000
2.6851 0.0000 0.0000 0.1465 0.0000 0.0000 0.0000 0.0000 0.0000 0.0000 0.0000 0.0000 0.0000
2.6971 0.0000 0.0000 0.1465 0.0000 0.0000 0.0000 0.0000 0.0000 0.0000 0.0000 0.0000 0.0000
2.7121 0.0000 0.0000 0.1465 0.0000 0.0000 0.0000 0.0000 0.0000 0.0000 0.0000 0.0000 0.0000
2.7301 0.0000 0.0000 0.1465 0.0000 0.0000 0.0000 0.0000 0.0000 0.0000 0.0000 0.0000 0.0000
2.7451 0.0000 0.0000 0.1465 0.0000 0.0000 0.0000 0.0000 0.0000 0.0000 0.0000 0.0000 0.0000
2.7601 0.0000 0.0000 0.1465 0.0000 0.0000 0.0000 0.0000 0.0000 0.0000 0.0000 0.0000 0.0000
2.7811 0.0000 0.0000 0.1465 0.0000 0.0000 0.0000 0.0000 0.0000 0.0000 0.0000 0.0000 0.0000
2.7961 0.0000 0.0000 0.1465 0.0000 0.0000 0.0000 0.0000 0.0000 0.0000 0.0000 0.0000 0.0000
2.8081 0.0000 0.0000 0.1465 0.0000 0.0000 0.0000 0.0000 0.0000 0.0000 0.0000 0.0000 0.0000
2.8231 0.0000 0.0000 0.1465 0.0000 0.0000 0.0000 0.0000 0.0000 0.0000 0.0000 0.0000 0.0000
2.8381 0.0000 0.0000 0.1465 0.0000 0.0000 0.0000 0.0000 0.0000 0.0205 0.0000 0.0000 0.0000
2.8531 0.0000 0.0000 0.1472 0.0000 0.0000 0.0000 0.0000 0.0000 0.1127 0.0000 0.0000 0.0000
2.8681 0.0000 0.0000 0.1499 0.0000 0.0000 0.0000 0.0000 0.0000 0.2103 0.0000 0.0000 0.0000
2.8891 0.0000 0.0000 0.1541 0.0000 0.0000 0.0000 0.0000 0.0000 0.2803 0.0000 0.0000 0.0000
2.9041 0.0000 0.0000 0.1595 0.0000 0.0000 0.0000 0.0000 0.0000 0.3291 0.0000 0.0000 0.0000
2.9251 0.0000 0.0000 0.1656 0.0000 0.0000 0.0000 0.0000 0.0000 0.3678 0.0000 0.0000 0.0000
2.9431 0.0000 0.0000 0.1735 0.0000 0.0000 0.0000 0.0000 0.0000 0.3903 0.0000 0.0000 0.0000
2.9581 0.0000 0.0000 0.1794 0.0000 0.0000 0.0000 0.0000 0.0000 0.4038 0.0000 0.0000 0.0000
2.9791 0.0000 0.0000 0.1867 0.0000 0.0000 0.0000 0.0000 0.0000 0.4174 0.0000 0.0000 0.0000
3.0001 0.0000 0.0000 0.1968 0.0000 0.0000 0.0000 0.0000 0.0000 0.4265 0.0000 0.0000 0.0000
3.0181 0.0000 0.0000 0.2045 0.0000 0.0000 0.0000 0.0000 0.0000 0.4321 0.0000 0.0000 0.0000
3.0331 0.0000 0.0000 0.2097 0.0000 0.0000 0.0000 0.0000 0.0000 0.4351 0.0000 0.0000 0.0000
3.0481 0.0000 0.0000 0.2176 0.0000 0.0000 0.0000 0.0000 0.0000 0.4385 0.0000 0.0000 0.0000
3.0661 0.0000 0.0000 0.2242 0.0000 0.0000 0.0000 0.0000 0.0000 0.4408 0.0000 0.0000 0.0000
3.0781 0.0000 0.0000 0.2308 0.0000 0.0000 0.0000 0.0000 0.0000 0.4424 0.0000 0.0000 0.0000
3.0931 0.0000 0.0000 0.2361 0.0000 0.0000 0.0000 0.0000 0.0000 0.4440 0.0000 0.0000 0.0000
3.1081 0.0000 0.0000 0.2441 0.0000 0.0000 0.0000 0.0000 0.0000 0.4457 0.0000 0.0000 0.0000
3.1261 0.0000 0.0000 0.2508 0.0000 0.0000 0.0000 0.0000 0.0000 0.4469 0.0000 0.0000 0.0000
3.1411 0.0000 0.0000 0.2588 0.0000 0.0000 0.0000 0.0000 0.0000 0.4482 0.0000 0.0000 0.0000
3.1591 0.0000 0.0000 0.2656 0.0000 0.0000 0.0000 0.0000 0.0000 0.4492 0.0000 0.0000 0.0000
3.1711 0.0000 0.0000 0.2710 0.0000 0.0000 0.0000 0.0000 0.0000 0.4500 0.0000 0.0000 0.0000
3.1831 0.0000 0.0000 0.2764 0.0000 0.0000 0.0000 0.0000 0.0000 0.4508 0.0000 0.0000 0.0000
3.1951 0.0000 0.0000 0.2831 0.0000 0.0000 0.0000 0.0000 0.0000 0.4515 0.0000 0.0000 0.0000
3.2101 0.0000 0.0000 0.2899 0.0000 0.0000 0.0000 0.0000 0.0000 0.4523 0.0000 0.0000 0.0000
3.2281 0.0000 0.0000 0.2981 0.0000 0.0000 0.0000 0.0000 0.0000 0.4532 0.0000 0.0000 0.0000
3.2461 0.0000 0.0000 0.3049 0.0000 0.0000 0.0000 0.0000 0.0000 0.4540 0.0000 0.0000 0.0000
3.2581 0.0000 0.0000 0.3117 0.0000 0.0000 0.0000 0.0000 0.0000 0.4548 0.0000 0.0000 0.0000
3.2761 0.0000 0.0000 0.3199 0.0000 0.0000 0.0000 0.0000 0.0000 0.4555 0.0000 0.0000 0.0000
3.2911 0.0000 0.0000 0.3267 0.0000 0.0000 0.0000 0.0000 0.0000 0.4562 0.0000 0.0000 0.0000
3.3061 0.0000 0.0000 0.3322 0.0000 0.0000 0.0000 0.0000 0.0000 0.4569 0.0000 0.0000 0.0000
3.3211 0.0000 0.0000 0.3390 0.0000 0.0000 0.0000 0.0000 0.0000 0.4574 0.0000 0.0000 0.0000
3.3331 0.0000 0.0000 0.3459 0.0000 0.0000 0.0000 0.0000 0.0000 0.4579 0.0000 0.0000 0.0000
3.3481 0.0000 0.0000 0.3514 0.0000 0.0000 0.0000 0.0000 0.0000 0.4587 0.0000 0.0000 0.0000
3.3631 0.0000 0.0000 0.3596 0.0000 0.0000 0.0000 0.0000 0.0000 0.4592 0.0000 0.0000 0.0000
3.3751 0.0000 0.0000 0.3652 0.0000 0.0000 0.0000 0.0000 0.0000 0.4598 0.0000 0.0000 0.0000
3.3901 0.0000 0.0000 0.3707 0.0000 0.0000 0.0000 0.0000 0.0000 0.4603 0.0000 0.0000 0.0000
3.4021 0.0000 0.0000 0.3776 0.0000 0.0000 0.0000 0.0000 0.0000 0.4609 0.0000 0.0000 0.0000
3.4171 0.0000 0.0000 0.3845 0.0000 0.0000 0.0000 0.0000 0.0000 0.4615 0.0000 0.0000 0.0000
3.4321 0.0000 0.0000 0.3914 0.0000 0.0000 0.0000 0.0000 0.0000 0.4621 0.0000 0.0000 0.0000
3.4531 0.0000 0.0000 0.4011 0.0000 0.0000 0.0000 0.0000 0.0000 0.4629 0.0000 0.0000 0.0000
3.4681 0.0000 0.0000 0.4081 0.0000 0.0000 0.0000 0.0000 0.0000 0.4634 0.0000 0.0000 0.0000
3.4831 0.0000 0.0000 0.4150 0.0000 0.0000 0.0000 0.0000 0.0000 0.4640 0.0000 0.0000 0.0000
3.5011 0.0000 0.0000 0.4220 0.0000 0.0000 0.0000 0.0000 0.0000 0.4645 0.0000 0.0000 0.0000
3.5131 0.0000 0.0000 0.4276 0.0000 0.0000 0.0000 0.0000 0.0000 0.4649 0.0000 0.0000 0.0000
3.5281 0.0000 0.0000 0.4346 0.0000 0.0000 0.0000 0.0000 0.0000 0.4654 0.0000 0.0000 0.0000
3.5431 0.0000 0.0000 0.4415 0.0000 0.0000 0.0000 0.0000 0.0000 0.4659 0.0000 0.0000 0.0000
3.5551 0.0000 0.0000 0.4485 0.0000 0.0000 0.0000 0.0000 0.0000 0.4665 0.0000 0.0000 0.0000
3.5671 0.0000 0.0000 0.4541 0.0000 0.0000 0.0000 0.0000 0.0000 0.4668 0.0000 0.0000 0.0000
3.5821 0.0000 0.0000 0.4597 0.0000 0.0000 0.0000 0.0000 0.0000 0.4671 0.0000 0.0000 0.0000
3.5941 0.0000 0.0000 0.4653 0.0000 0.0000 0.0000 0.0000 0.0000 0.4675 0.0000 0.0000 0.0000
3.6061 0.0000 0.0000 0.4724 0.0000 0.0000 0.0000 0.0000 0.0000 0.4681 0.0000 0.0000 0.0000
3.6241 0.0000 0.0000 0.4794 0.0000 0.0000 0.0000 0.0000 0.0000 0.4687 0.0000 0.0000 0.0000
3.6361 0.0000 0.0000 0.4850 0.0000 0.0000 0.0000 0.0000 0.0000 0.4689 0.0000 0.0000 0.0000
3.6481 0.0000 0.0000 0.4920 0.0000 0.0000 0.0000 0.0000 0.0000 0.4694 0.0000 0.0000 0.0000
3.6631 0.0000 0.0000 0.4991 0.0000 0.0000 0.0000 0.0000 0.0000 0.4698 0.0000 0.0000 0.0000
3.6811 0.0000 0.0000 0.5075 0.0000 0.0000 0.0000 0.0000 0.0000 0.4703 0.0000 0.0000 0.0000
3.6961 0.0000 0.0000 0.5132 0.0000 0.0000 0.0000 0.0000 0.0000 0.4707 0.0000 0.0000 0.0000
3.7111 0.0000 0.0000 0.5202 0.0000 0.0000 0.0000 0.0000 0.0000 0.4711 0.0000 0.0000 0.0000
3.7231 0.0000 0.0000 0.5273 0.0000 0.0000 0.0000 0.0000 0.0000 0.4716 0.0000 0.0000 0.0000
3.7411 0.0000 0.0000 0.5358 0.0000 0.0000 0.0000 0.0000 0.0000 0.4721 0.0000 0.0000 0.0000
3.7561 0.0000 0.0000 0.5429 0.0000 0.0000 0.0000 0.0000 0.0000 0.4725 0.0000 0.0000 0.0000
3.7771 0.0000 0.0000 0.5528 0.0000 0.0000 0.0000 0.0000 0.0000 0.4730 0.0000 0.0000 0.0000
3.7951 0.0000 0.0000 0.5613 0.0000 0.0000 0.0000 0.0000 0.0000 0.4735 0.0000 0.0000 0.0000
3.8101 0.0000 0.0000 0.5684 0.0000 0.0000 0.0000 0.0000 0.0000 0.4738 0.0000 0.0000 0.0000
3.8251 0.0000 0.0000 0.5741 0.0000 0.0000 0.0000 0.0000 0.0000 0.4742 0.0000 0.0000 0.0000
3.8401 0.0000 0.0000 0.5812 0.0000 0.0000 0.0000 0.0000 0.0000 0.4745 0.0000 0.0000 0.0000
3.8491 0.0000 0.0000 0.5869 0.0000 0.0000 0.0000 0.0000 0.0000 0.4748 0.0000 0.0000 0.0000
3.8671 0.0000 0.0000 0.5941 0.0000 0.0000 0.0000 0.0000 0.0000 0.4752 0.0000 0.0000 0.0000
3.8791 0.0000 0.0000 0.6012 0.0000 0.0000 0.0000 0.0000 0.0000 0.4755 0.0000 0.0000 0.0000
3.8941 0.0000 0.0000 0.6083 0.0000 0.0000 0.0000 0.0000 0.0000 0.4759 0.0000 0.0000 0.0000
3.9121 0.0000 0.0000 0.6155 0.0000 0.0000 0.0000 0.0000 0.0000 0.4762 0.0000 0.0000 0.0000
3.9241 0.0000 0.0000 0.6226 0.0000 0.0000 0.0000 0.0000 0.0000 0.4766 0.0000 0.0000 0.0000
3.9421 0.0000 0.0000 0.6298 0.0000 0.0000 0.0000 0.0000 0.0000 0.4769 0.0000 0.0000 0.0000
3.9571 0.0000 0.0000 0.6383 0.0000 0.0000 0.0000 0.0000 0.0000 0.4773 0.0000 0.0000 0.0000
3.9751 0.0000 0.0000 0.6455 0.0000 0.0000 0.0000 0.0000 0.0000 0.4776 0.0000 0.0000 0.0000
3.9901 0.0000 0.0000 0.6527 0.0000 0.0000 0.0000 0.0000 0.0000 0.4779 0.0000 0.0000 0.0000
3.9991 0.0000 0.0000 0.6584 0.0000 0.0000 0.0000 0.0000 0.0000 0.4781 0.0000 0.0000 0.0000
4.0111 0.0000 0.0000 0.6641 0.0000 0.0000 0.0000 0.0000 0.0000 0.4783 0.0000 0.0000 0.0000
4.0261 0.0000 0.0000 0.6699 0.0000 0.0000 0.0000 0.0000 0.0000 0.4786 0.0000 0.0000 0.0000
4.0381 0.0000 0.0000 0.6771 0.0000 0.0000 0.0000 0.0000 0.0000 0.4789 0.0000 0.0000 0.0000
4.0531 0.0000 0.0000 0.6828 0.0000 0.0000 0.0000 0.0000 0.0000 0.4792 0.0000 0.0000 0.0000
4.0651 0.0000 0.0000 0.6886 0.0000 0.0000 0.0000 0.0000 0.0000 0.4794 0.0000 0.0000 0.0000
4.0771 0.0000 0.0000 0.6958 0.0000 0.0000 0.0000 0.0000 0.0000 0.4797 0.0000 0.0000 0.0000
4.0921 0.0000 0.0000 0.7030 0.0000 0.0000 0.0000 0.0000 0.0000 0.4799 0.0000 0.0000 0.0000
4.1071 0.0000 0.0000 0.7087 0.0000 0.0000 0.0000 0.0000 0.0000 0.4802 0.0000 0.0000 0.0000
4.1161 0.0000 0.0000 0.7145 0.0000 0.0000 0.0000 0.0000 0.0000 0.4804 0.0000 0.0000 0.0000
4.1311 0.0000 0.0000 0.7217 0.0000 0.0000 0.0000 0.0000 0.0000 0.4807 0.0000 0.0000 0.0000
4.1461 0.0000 0.0000 0.7289 0.0000 0.0000 0.0000 0.0000 0.0000 0.4809 0.0000 0.0000 0.0000
4.1641 0.0000 0.0000 0.7361 0.0000 0.0000 0.0000 0.0000 0.0000 0.4812 0.0000 0.0000 0.0000
4.1791 0.0000 0.0000 0.7448 0.0000 0.0000 0.0000 0.0000 0.0000 0.4815 0.0000 0.0000 0.0000
4.1941 0.0000 0.0000 0.7506 0.0000 0.0000 0.0000 0.0000 0.0000 0.4817 0.0000 0.0000 0.0000
4.2061 0.0000 0.0000 0.7578 0.0000 0.0000 0.0000 0.0000 0.0000 0.4819 0.0000 0.0000 0.0000
4.2211 0.0000 0.0000 0.7636 0.0000 0.0000 0.0000 0.0000 0.0000 0.4822 0.0000 0.0000 0.0000
4.2361 0.0000 0.0000 0.7708 0.0000 0.0000 0.0000 0.0000 0.0000 0.4824 0.0000 0.0000 0.0000
4.2481 0.0000 0.0000 0.7766 0.0000 0.0000 0.0000 0.0000 0.0000 0.4826 0.0000 0.0000 0.0000
4.2631 0.0000 0.0000 0.7853 0.0000 0.0000 0.0000 0.0000 0.0000 0.4828 0.0000 0.0000 0.0000
4.2781 0.0000 0.0000 0.7925 0.0000 0.0000 0.0000 0.0000 0.0000 0.4831 0.0000 0.0000 0.0000
4.2931 0.0000 0.0000 0.7998 0.0000 0.0000 0.0000 0.0000 0.0000 0.4833 0.0000 0.0000 0.0000
4.3111 0.0000 0.0000 0.8085 0.0000 0.0000 0.0000 0.0000 0.0000 0.4836 0.0000 0.0000 0.0000
4.3291 0.0000 0.0000 0.8172 0.0000 0.0000 0.0000 0.0000 0.0000 0.4839 0.0000 0.0000 0.0000
4.3471 0.0000 0.0000 0.8259 0.0000 0.0000 0.0000 0.0000 0.0000 0.4841 0.0000 0.0000 0.0000
4.3651 0.0000 0.0000 0.8346 0.0000 0.0000 0.0000 0.0000 0.0000 0.4843 0.0000 0.0000 0.0000
4.3861 0.0000 0.0000 0.8433 0.0000 0.0000 0.0000 0.0000 0.0000 0.4846 0.0000 0.0000 0.0000
4.4041 0.0000 0.0000 0.8520 0.0000 0.0000 0.0000 0.0000 0.0000 0.4849 0.0000 0.0000 0.0000
4.4191 0.0000 0.0000 0.8608 0.0000 0.0000 0.0000 0.0000 0.0000 0.4851 0.0000 0.0000 0.0000
4.4341 0.0000 0.0000 0.8666 0.0000 0.0000 0.0000 0.0000 0.0000 0.4852 0.0000 0.0000 0.0000
4.4581 0.0000 0.0000 0.8782 0.0000 0.0000 0.0000 0.0000 0.0000 0.4855 0.0000 0.0000 0.0000
4.4701 0.0000 0.0000 0.8855 0.0000 0.0000 0.0000 0.0000 0.0000 0.4857 0.0000 0.0000 0.0000
4.4851 0.0000 0.0000 0.8928 0.0000 0.0000 0.0000 0.0000 0.0000 0.4859 0.0000 0.0000 0.0000
4.5001 0.0000 0.0000 0.9001 0.0000 0.0000 0.0000 0.0000 0.0000 0.4861 0.0000 0.0000 0.0000
4.5181 0.0000 0.0000 0.9089 0.0000 0.0000 0.0000 0.0000 0.0000 0.4863 0.0000 0.0000 0.0000
4.5331 0.0000 0.0000 0.9147 0.0000 0.0000 0.0000 0.0000 0.0000 0.4864 0.0000 0.0000 0.0000
4.5451 0.0000 0.0000 0.9205 0.0000 0.0000 0.0000 0.0000 0.0000 0.4865 0.0000 0.0000 0.0000
4.5601 0.0000 0.0000 0.9293 0.0000 0.0000 0.0000 0.0000 0.0000 0.4867 0.0000 0.0000 0.0000
4.5751 0.0000 0.0000 0.9351 0.0000 0.0000 0.0000 0.0000 0.0000 0.4869 0.0000 0.0000 0.0000
4.5931 0.0000 0.0000 0.9454 0.0000 0.0000 0.0000 0.0000 0.0000 0.4871 0.0000 0.0000 0.0000
4.6111 0.0000 0.0000 0.9541 0.0000 0.0000 0.0000 0.0000 0.0000 0.4873 0.0000 0.0000 0.0000
4.6231 0.0000 0.0000 0.9600 0.0000 0.0000 0.0000 0.0000 0.0000 0.4874 0.0000 0.0000 0.0000
4.6381 0.0000 0.0000 0.9673 0.0000 0.0000 0.0000 0.0000 0.0000 0.4876 0.0000 0.0000 0.0000
4.6531 0.0000 0.0000 0.9746 0.0000 0.0000 0.0000 0.0000 0.0000 0.4877 0.0000 0.0000 0.0000
4.6681 0.0000 0.0000 0.9819 0.0000 0.0000 0.0000 0.0000 0.0000 0.4878 0.0000 0.0000 0.0000
4.6801 0.0000 0.0000 0.9878 0.0000 0.0000 0.0000 0.0000 0.0000 0.4880 0.0000 0.0000 0.0000
4.6951 0.0000 0.0000 0.9951 0.0000 0.0000 0.0000 0.0000 0.0000 0.4881 0.0000 0.0000 0.0000
4.7071 0.0000 0.0000 1.0009 0.0000 0.0000 0.0000 0.0000 0.0000 0.4882 0.0000 0.0000 0.0000
4.7221 0.0000 0.0000 1.0083 0.0000 0.0000 0.0000 0.0000 0.0000 0.4884 0.0000 0.0000 0.0000
4.7371 0.0000 0.0000 1.0156 0.0000 0.0000 0.0000 0.0000 0.0000 0.4885 0.0000 0.0000 0.0000
4.7551 0.0000 0.0000 1.0229 0.0000 0.0000 0.0000 0.0000 0.0000 0.4887 0.0000 0.0000 0.0000
4.7701 0.0000 0.0000 1.0317 0.0000 0.0000 0.0000 0.0000 0.0000 0.4888 0.0000 0.0000 0.0000
4.7941 0.0000 0.0000 1.0420 0.0000 0.0000 0.0000 0.0000 0.0000 0.4890 0.0000 0.0000 0.0000
4.8151 0.0000 0.0000 1.0537 0.0000 0.0000 0.0000 0.0000 0.0000 0.4892 0.0000 0.0000 0.0000
4.8361 0.0000 0.0000 1.0625 0.0000 0.0000 0.0000 0.0000 0.0000 0.4894 0.0000 0.0000 0.0000
4.8511 0.0000 0.0000 1.0713 0.0000 0.0000 0.0000 0.0000 0.0000 0.4895 0.0000 0.0000 0.0000
4.8661 0.0000 0.0000 1.0787 0.0000 0.0000 0.0000 0.0000 0.0000 0.4896 0.0000 0.0000 0.0000
4.8871 0.0000 0.0000 1.0875 0.0000 0.0000 0.0000 0.0000 0.0000 0.4898 0.0000 0.0000 0.0000
4.9051 0.0000 0.0000 1.0978 0.0000 0.0000 0.0000 0.0000 0.0000 0.4899 0.0000 0.0000 0.0000
4.9231 0.0000 0.0000 1.1066 0.0000 0.0000 0.0000 0.0000 0.0000 0.4900 0.0000 0.0000 0.0000
4.9381 0.0000 0.0000 1.1140 0.0000 0.0000 0.0000 0.0000 0.0000 0.4902 0.0000 0.0000 0.0000
4.9561 0.0000 0.0000 1.1228 0.0000 0.0000 0.0000 0.0000 0.0000 0.4903 0.0000 0.0000 0.0000
4.9741 0.0000 0.0000 1.1301 0.0000 0.0000 0.0000 0.0000 0.0000 0.4904 0.0000 0.0000 0.0000
4.9891 0.0000 0.0000 1.1390 0.0000 0.0000 0.0000 0.0000 0.0000 0.4905 0.0000 0.0000 0.0000
5.0101 0.0000 0.0000 1.1493 0.0000 0.0000 0.0000 0.0000 0.0000 0.4907 0.0000 0.0000 0.0000
5.0311 0.0000 0.0000 1.1596 0.0000 0.0000 0.0000 0.0000 0.0000 0.4908 0.0000 0.0000 0.0000
5.0461 0.0000 0.0000 1.1655 0.0000 0.0000 0.0000 0.0000 0.0000 0.4909 0.0000 0.0000 0.0000
5.0611 0.0000 0.0000 1.1728 0.0000 0.0000 0.0000 0.0000 0.0000 0.4910 0.0000 0.0000 0.0000
5.0791 0.0000 0.0000 1.1817 0.0000 0.0000 0.0000 0.0000 0.0000 0.4911 0.0000 0.0000 0.0000
5.0911 0.0000 0.0000 1.1890 0.0000 0.0000 0.0000 0.0000 0.0000 0.4912 0.0000 0.0000 0.0000
5.1061 0.0000 0.0000 1.1964 0.0000 0.0000 0.0000 0.0000 0.0000 0.4913 0.0000 0.0000 0.0000
5.1241 0.0000 0.0000 1.2038 0.0000 0.0000 0.0000 0.0000 0.0000 0.4914 0.0000 0.0000 0.0000
5.1391 0.0000 0.0000 1.2126 0.0000 0.0000 0.0000 0.0000 0.0000 0.4915 0.0000 0.0000 0.0000
5.1571 0.0000 0.0000 1.2215 0.0000 0.0000 0.0000 0.0000 0.0000 0.4916 0.0000 0.0000 0.0000
5.1721 0.0000 0.0000 1.2274 0.0000 0.0000 0.0000 0.0000 0.0000 0.4917 0.0000 0.0000 0.0000
5.1841 0.0000 0.0000 1.2333 0.0000 0.0000 0.0000 0.0000 0.0000 0.4918 0.0000 0.0000 0.0000
5.2021 0.0000 0.0000 1.2421 0.0000 0.0000 0.0000 0.0000 0.0000 0.4919 0.0000 0.0000 0.0000
5.2231 0.0000 0.0000 1.2525 0.0000 0.0000 0.0000 0.0000 0.0000 0.4920 0.0000 0.0000 0.0000
5.2381 0.0000 0.0000 1.2613 0.0000 0.0000 0.0000 0.0000 0.0000 0.4921 0.0000 0.0000 0.0000
5.2591 0.0000 0.0000 1.2716 0.0000 0.0000 0.0000 0.0000 0.0000 0.4921 0.0000 0.0000 0.0000
5.2741 0.0000 0.0000 1.2775 0.0000 0.0000 0.0000 0.0000 0.0000 0.4922 0.0000 0.0000 0.0000
5.2861 0.0000 0.0000 1.2849 0.0000 0.0000 0.0000 0.0000 0.0000 0.4923 0.0000 0.0000 0.0000
5.3011 0.0000 0.0000 1.2908 0.0000 0.0000 0.0000 0.0000 0.0000 0.4923 0.0000 0.0000 0.0000
5.3161 0.0000 0.0000 1.2997 0.0000 0.0000 0.0000 0.0000 0.0000 0.4924 0.0000 0.0000 0.0000
5.3311 0.0000 0.0000 1.3056 0.0000 0.0000 0.0000 0.0000 0.0000 0.4925 0.0000 0.0000 0.0000
5.3461 0.0000 0.0000 1.3145 0.0000 0.0000 0.0000 0.0000 0.0000 0.4926 0.0000 0.0000 0.0000
5.3611 0.0000 0.0000 1.3219 0.0000 0.0000 0.0000 0.0000 0.0000 0.4926 0.0000 0.0000 0.0000
5.3761 0.0000 0.0000 1.3278 0.0000 0.0000 0.0000 0.0000 0.0000 0.4927 0.0000 0.0000 0.0000
5.3911 0.0000 0.0000 1.3352 0.0000 0.0000 0.0000 0.0000 0.0000 0.4928 0.0000 0.0000 0.0000
5.4061 0.0000 0.0000 1.3440 0.0000 0.0000 0.0000 0.0000 0.0000 0.4928 0.0000 0.0000 0.0000
5.4211 0.0000 0.0000 1.3514 0.0000 0.0000 0.0000 0.0000 0.0000 0.4929 0.0000 0.0000 0.0000
5.4391 0.0000 0.0000 1.3588 0.0000 0.0000 0.0000 0.0000 0.0000 0.4930 0.0000 0.0000 0.0000
5.4541 0.0000 0.0000 1.3677 0.0000 0.0000 0.0000 0.0000 0.0000 0.4931 0.0000 0.0000 0.0000
5.4691 0.0000 0.0000 1.3736 0.0000 0.0000 0.0000 0.0000 0.0000 0.4931 0.0000 0.0000 0.0000
5.4841 0.0000 0.0000 1.3825 0.0000 0.0000 0.0000 0.0000 0.0000 0.4932 0.0000 0.0000 0.0000
5.5021 0.0000 0.0000 1.3899 0.0000 0.0000 0.0000 0.0000 0.0000 0.4933 0.0000 0.0000 0.0000
5.5171 0.0000 0.0000 1.3973 0.0000 0.0000 0.0000 0.0000 0.0000 0.4933 0.0000 0.0000 0.0000
5.5321 0.0000 0.0000 1.4062 0.0000 0.0000 0.0000 0.0000 0.0000 0.4934 0.0000 0.0000 0.0000
5.5501 0.0000 0.0000 1.4136 0.0000 0.0000 0.0000 0.0000 0.0000 0.4934 0.0000 0.0000 0.0000
5.5681 0.0000 0.0000 1.4239 0.0000 0.0000 0.0000 0.0000 0.0000 0.4935 0.0000 0.0000 0.0000
5.5831 0.0000 0.0000 1.4313 0.0000 0.0000 0.0000 0.0000 0.0000 0.4936 0.0000 0.0000 0.0000
5.6011 0.0000 0.0000 1.4387 0.0000 0.0000 0.0000 0.0000 0.0000 0.4936 0.0000 0.0000 0.0000
5.6131 0.0000 0.0000 1.4462 0.0000 0.0000 0.0000 0.0000 0.0000 0.4937 0.0000 0.0000 0.0000
5.6281 0.0000 0.0000 1.4521 0.0000 0.0000 0.0000 0.0000 0.0000 0.4937 0.0000 0.0000 0.0000
5.6461 0.0000 0.0000 1.4624 0.0000 0.0000 0.0000 0.0000 0.0000 0.4938 0.0000 0.0000 0.0000
5.6641 0.0000 0.0000 1.4713 0.0000 0.0000 0.0000 0.0000 0.0000 0.4939 0.0000 0.0000 0.0000
5.6851 0.0000 0.0000 1.4817 0.0000 0.0000 0.0000 0.0000 0.0000 0.4939 0.0000 0.0000 0.0000
5.7031 0.0000 0.0000 1.4891 0.0000 0.0000 0.0000 0.0000 0.0000 0.4940 0.0000 0.0000 0.0000
5.7181 0.0000 0.0000 1.4965 0.0000 0.0000 0.0000 0.0000 0.0000 0.4940 0.0000 0.0000 0.0000
5.7331 0.0000 0.0000 1.5054 0.0000 0.0000 0.0000 0.0000 0.0000 0.4941 0.0000 0.0000 0.0000
5.7481 0.0000 0.0000 1.5128 0.0000 0.0000 0.0000 0.0000 0.0000 0.4941 0.0000 0.0000 0.0000
5.7661 0.0000 0.0000 1.5217 0.0000 0.0000 0.0000 0.0000 0.0000 0.4942 0.0000 0.0000 0.0000
5.7811 0.0000 0.0000 1.5277 0.0000 0.0000 0.0000 0.0000 0.0000 0.4942 0.0000 0.0000 0.0000
5.7961 0.0000 0.0000 1.5365 0.0000 0.0000 0.0000 0.0000 0.0000 0.4943 0.0000 0.0000 0.0000
5.8111 0.0000 0.0000 1.5440 0.0000 0.0000 0.0000 0.0000 0.0000 0.4943 0.0000 0.0000 0.0000
5.8261 0.0000 0.0000 1.5514 0.0000 0.0000 0.0000 0.0000 0.0000 0.4943 0.0000 0.0000 0.0000
5.8441 0.0000 0.0000 1.5603 0.0000 0.0000 0.0000 0.0000 0.0000 0.4944 0.0000 0.0000 0.0000
5.8621 0.0000 0.0000 1.5692 0.0000 0.0000 0.0000 0.0000 0.0000 0.4944 0.0000 0.0000 0.0000
5.8861 0.0000 0.0000 1.5796 0.0000 0.0000 0.0000 0.0000 0.0000 0.4945 0.0000 0.0000 0.0000
5.9071 0.0000 0.0000 1.5914 0.0000 0.0000 0.0000 0.0000 0.0000 0.4946 0.0000 0.0000 0.0000
5.9281 0.0000 0.0000 1.6018 0.0000 0.0000 0.0000 0.0000 0.0000 0.4946 0.0000 0.0000 0.0000
5.9461 0.0000 0.0000 1.6107 0.0000 0.0000 0.0000 0.0000 0.0000 0.4947 0.0000 0.0000 0.0000
5.9641 0.0000 0.0000 1.6181 0.0000 0.0000 0.0000 0.0000 0.0000 0.4947 0.0000 0.0000 0.0000
5.9821 0.0000 0.0000 1.6270 0.0000 0.0000 0.0000 0.0000 0.0000 0.4947 0.0000 0.0000 0.0000
5.9941 0.0000 0.0000 1.6330 0.0000 0.0000 0.0000 0.0000 0.0000 0.4948 0.0000 0.0000 0.0000
6.0121 0.0000 0.0000 1.6419 0.0000 0.0000 0.0000 0.0000 0.0000 0.4948 0.0000 0.0000 0.0000
6.0331 0.0000 0.0000 1.6523 0.0000 0.0000 0.0000 0.0000 0.0000 0.4949 0.0000 0.0000 0.0000
6.0481 0.0000 0.0000 1.6596 0.0000 0.0000 0.0000 0.0000 0.0000 0.4591 0.0000 0.0000 0.0000
6.0631 0.0000 0.0000 1.6662 0.0000 0.0000 0.0000 0.0000 0.0000 0.3882 0.0000 0.0000 0.0000
6.0781 0.0000 0.0000 1.6727 0.0000 0.0000 0.0000 0.0000 0.0000 0.3153 0.0000 0.0000 0.0000
6.0961 0.0000 0.0000 1.6769 0.0000 0.0000 0.0000 0.0000 0.0000 0.2133 0.0000 0.0000 0.0000
6.1171 0.0000 0.0000 1.6809 0.0000 0.0000 0.0000 0.0000 0.0000 0.1367 0.0000 0.0000 0.0000
6.1381 0.0000 0.0000 1.6835 0.0000 0.0000 0.0000 0.0000 0.0000 0.0675 0.0000 0.0000 0.0000
6.1591 0.0000 0.0000 1.6845 0.0000 0.0000 0.0000 0.0000 0.0000 0.0340 0.0000 0.0000 0.0000
6.1741 0.0000 0.0000 1.6849 0.0000 0.0000 0.0000 0.0000 0.0000 0.0143 0.0000 0.0000 0.0000
6.1891 0.0000 0.0000 1.6851 0.0000 0.0000 0.0000 0.0000 0.0000 0.0000 0.0000 0.0000 0.0000
6.2071 0.0000 0.0000 1.6849 0.0000 0.0000 0.0000 0.0000 0.0000 -0.0136 0.0000 0.0000 0.0000
6.2251 0.0000 0.0000 1.6847 0.0000 0.0000 0.0000 0.0000 0.0000 -0.0201 0.0000 0.0000 0.0000
6.2401 0.0000 0.0000 1.6845 0.0000 0.0000 0.0000 0.0000 0.0000 0.0450 0.0000 0.0000 0.0000
6.2581 0.0000 0.0000 1.6857 0.0000 0.0000 0.0000 0.0000 0.0000 0.1440 0.0000 0.0000 0.0000
6.2761 0.0000 0.0000 1.6890 0.0000 0.0000 0.0000 0.0000 0.0000 0.2646 0.0000 0.0000 0.0000
6.2941 0.0000 0.0000 1.6956 0.0000 0.0000 0.0000 0.0000 0.0000 0.3852 0.0000 0.0000 0.0000
6.3151 0.0000 0.0000 1.7036 0.0000 0.0000 0.0000 0.0000 0.0000 0.5457 0.0000 0.0000 0.0000
6.3361 0.0000 0.0000 1.7157 0.0000 0.0000 0.0000 0.0000 0.0000 0.6657 0.0000 0.0000 0.0000
6.3511 0.0000 0.0000 1.7284 0.0000 0.0000 0.0000 0.0000 0.0000 0.7853 0.0000 0.0000 0.0000
6.3691 0.0000 0.0000 1.7432 0.0000 0.0000 0.0000 0.0000 0.0000 0.8847 0.0000 0.0000 0.0000
6.3841 0.0000 0.0000 1.7573 0.0000 0.0000 0.0000 0.0000 0.0000 1.0034 0.0000 0.0000 0.0000
6.3991 0.0000 0.0000 1.7728 0.0000 0.0000 0.0000 0.0000 0.0000 1.1019 0.0000 0.0000 0.0000
6.4171 0.0000 0.0000 1.7897 0.0000 0.0000 0.0000 0.0000 0.0000 1.2196 0.0000 0.0000 0.0000
6.4351 0.0000 0.0000 1.8160 0.0000 0.0000 0.0000 0.0000 0.0000 1.3366 0.0000 0.0000 0.0000
6.4561 0.0000 0.0000 1.8450 0.0000 0.0000 0.0000 0.0000 0.0000 1.4721 0.0000 0.0000 0.0000
6.4741 0.0000 0.0000 1.8722 0.0000 0.0000 0.0000 0.0000 0.0000 1.5683 0.0000 0.0000 0.0000
6.4921 0.0000 0.0000 1.8965 0.0000 0.0000 0.0000 0.0000 0.0000 1.6829 0.0000 0.0000 0.0000
6.5101 0.0000 0.0000 1.9274 0.0000 0.0000 0.0000 0.0000 0.0000 1.8154 0.0000 0.0000 0.0000
6.5281 0.0000 0.0000 1.9662 0.0000 0.0000 0.0000 0.0000 0.0000 1.9279 0.0000 0.0000 0.0000
6.5521 0.0000 0.0000 2.0076 0.0000 0.0000 0.0000 0.0000 0.0000 2.0763 0.0000 0.0000 0.0000
6.5731 0.0000 0.0000 2.0583 0.0000 0.0000 0.0000 0.0000 0.0000 2.2410 0.0000 0.0000 0.0000
6.6001 0.0000 0.0000 2.1196 0.0000 0.0000 0.0000 0.0000 0.0000 2.3672 0.0000 0.0000 0.0000
6.6181 0.0000 0.0000 2.1628 0.0000 0.0000 0.0000 0.0000 0.0000 2.4564 0.0000 0.0000 0.0000
6.6361 0.0000 0.0000 2.2080 0.0000 0.0000 0.0000 0.0000 0.0000 2.5622 0.0000 0.0000 0.0000
6.6541 0.0000 0.0000 2.2551 0.0000 0.0000 0.0000 0.0000 0.0000 2.6668 0.0000 0.0000 0.0000
6.6721 0.0000 0.0000 2.2957 0.0000 0.0000 0.0000 0.0000 0.0000 2.7700 0.0000 0.0000 0.0000
6.6901 0.0000 0.0000 2.3462 0.0000 0.0000 0.0000 0.0000 0.0000 2.8888 0.0000 0.0000 0.0000
6.7111 0.0000 0.0000 2.4163 0.0000 0.0000 0.0000 0.0000 0.0000 3.0056 0.0000 0.0000 0.0000
6.7351 0.0000 0.0000 2.4897 0.0000 0.0000 0.0000 0.0000 0.0000 3.1367 0.0000 0.0000 0.0000
6.7591 0.0000 0.0000 2.5661 0.0000 0.0000 0.0000 0.0000 0.0000 3.2652 0.0000 0.0000 0.0000
6.7861 0.0000 0.0000 2.6456 0.0000 0.0000 0.0000 0.0000 0.0000 3.3911 0.0000 0.0000 0.0000
6.8041 0.0000 0.0000 2.7072 0.0000 0.0000 0.0000 0.0000 0.0000 3.4990 0.0000 0.0000 0.0000
6.8191 0.0000 0.0000 2.7705 0.0000 0.0000 0.0000 0.0000 0.0000 3.5749 0.0000 0.0000 0.0000
6.8371 0.0000 0.0000 2.8353 0.0000 0.0000 0.0000 0.0000 0.0000 3.6644 0.0000 0.0000 0.0000
6.8551 0.0000 0.0000 2.9018 0.0000 0.0000 0.0000 0.0000 0.0000 3.7524 0.0000 0.0000 0.0000
6.8761 0.0000 0.0000 2.9814 0.0000 0.0000 0.0000 0.0000 0.0000 3.8531 0.0000 0.0000 0.0000
6.8941 0.0000 0.0000 3.0513 0.0000 0.0000 0.0000 0.0000 0.0000 3.9377 0.0000 0.0000 0.0000
6.9121 0.0000 0.0000 3.1226 0.0000 0.0000 0.0000 0.0000 0.0000 4.0207 0.0000 0.0000 0.0000
6.9331 0.0000 0.0000 3.2078 0.0000 0.0000 0.0000 0.0000 0.0000 4.1289 0.0000 0.0000 0.0000
6.9631 0.0000 0.0000 3.3202 0.0000 0.0000 0.0000 0.0000 0.0000 4.2473 0.0000 0.0000 0.0000
6.9871 0.0000 0.0000 3.4227 0.0000 0.0000 0.0000 0.0000 0.0000 4.3369 0.0000 0.0000 0.0000
7.0081 0.0000 0.0000 3.5145 0.0000 0.0000 0.0000 0.0000 0.0000 4.4244 0.0000 0.0000 0.0000
7.0292 0.0000 0.0000 3.6215 0.0000 0.0000 0.0000 0.0000 0.0000 4.5097 0.0000 0.0000 0.0000
7.0502 0.0000 0.0000 3.7171 0.0000 0.0000 0.0000 0.0000 0.0000 4.6046 0.0000 0.0000 0.0000
7.0712 0.0000 0.0000 3.8004 0.0000 0.0000 0.0000 0.0000 0.0000 4.6739 0.0000 0.0000 0.0000
7.0862 0.0000 0.0000 3.8850 0.0000 0.0000 0.0000 0.0000 0.0000 4.7418 0.0000 0.0000 0.0000
7.1042 0.0000 0.0000 3.9707 0.0000 0.0000 0.0000 0.0000 0.0000 4.8081 0.0000 0.0000 0.0000
7.1222 0.0000 0.0000 4.0576 0.0000 0.0000 0.0000 0.0000 0.0000 4.8729 0.0000 0.0000 0.0000
7.1402 0.0000 0.0000 4.1310 0.0000 0.0000 0.0000 0.0000 0.0000 4.9257 0.0000 0.0000 0.0000
7.1582 0.0000 0.0000 4.2200 0.0000 0.0000 0.0000 0.0000 0.0000 4.9878 0.0000 0.0000 0.0000
7.1732 0.0000 0.0000 4.3102 0.0000 0.0000 0.0000 0.0000 0.0000 5.0383 0.0000 0.0000 0.0000
7.1912 0.0000 0.0000 4.4013 0.0000 0.0000 0.0000 0.0000 0.0000 5.0893 0.0000 0.0000 0.0000
7.2092 0.0000 0.0000 4.4779 0.0000 0.0000 0.0000 0.0000 0.0000 5.1236 0.0000 0.0000 0.0000
7.2272 0.0000 0.0000 4.5703 0.0000 0.0000 0.0000 0.0000 0.0000 5.1454 0.0000 0.0000 0.0000
7.2422 0.0000 0.0000 4.6629 0.0000 0.0000 0.0000 0.0000 0.0000 5.0933 0.0000 0.0000 0.0000
7.2602 0.0000 0.0000 4.7387 0.0000 0.0000 0.0000 0.0000 0.0000 4.9737 0.0000 0.0000 0.0000
7.2752 0.0000 0.0000 4.8274 0.0000 0.0000 0.0000 0.0000 0.0000 4.8288 0.0000 0.0000 0.0000
7.2932 0.0000 0.0000 4.9135 0.0000 0.0000 0.0000 0.0000 0.0000 4.6870 0.0000 0.0000 0.0000
7.3112 0.0000 0.0000 4.9970 0.0000 0.0000 0.0000 0.0000 0.0000 4.5483 0.0000 0.0000 0.0000
7.3322 0.0000 0.0000 5.0913 0.0000 0.0000 0.0000 0.0000 0.0000 4.3904 0.0000 0.0000 0.0000
7.3472 0.0000 0.0000 5.1567 0.0000 0.0000 0.0000 0.0000 0.0000 4.2799 0.0000 0.0000 0.0000
7.3682 0.0000 0.0000 5.2454 -0.0003 -0.0004 0.0000 0.0000 -0.0000 4.1438 0.4647 0.3884 -0.0000
7.3892 0.0000 -0.0000 5.3316 -0.0187 -0.0219 0.0002 0.0004 -0.0004 4.0426 1.5332 1.4059 -0.0023
7.4072 0.0000 -0.0000 5.4033 -0.0421 -0.0454 0.0009 0.0018 -0.0020 3.9182 0.7378 0.9495 -0.0049
7.4282 0.0001 -0.0001 5.4727 -0.0565 -0.0562 0.0016 0.0048 -0.0052 3.7748 0.6588 0.6536 -0.0054
7.4522 0.0002 -0.0002 5.5619 -0.0757 -0.0776 0.0027 0.0104 -0.0108 3.5948 0.8093 0.7854 -0.0064
7.4762 0.0005 -0.0005 5.6472 -0.0915 -0.0930 0.0039 0.0163 -0.0168 3.4579 0.5279 0.6430 -0.0068
7.4942 0.0008 -0.0009 5.7087 -0.1040 -0.1042 0.0050 0.0223 -0.0228 3.3426 0.5980 0.5653 -0.0068
7.5152 0.0015 -0.0015 5.7876 -0.1160 -0.1173 0.0062 0.0303 -0.0309 3.2102 0.5789 0.5692 -0.0070
7.5302 0.0020 -0.0020 5.8351 -0.1242 -0.1255 0.0071 0.0382 -0.0387 3.0985 0.4497 0.5057 -0.0070
7.5512 0.0028 -0.0029 5.8992 -0.1341 -0.1345 0.0083 0.0483 -0.0489 2.9701 0.4154 0.4227 -0.0068
7.5722 0.0039 -0.0040 5.9606 -0.1437 -0.1445 0.0095 0.0595 -0.0600 2.8435 0.3676 0.3715 -0.0065
7.5932 0.0051 -0.0052 6.0111 -0.1500 -0.1508 0.0103 0.0698 -0.0703 2.7365 0.2936 0.3227 -0.0063
7.6112 0.0064 -0.0065 6.0597 -0.1555 -0.1559 0.0111 0.0808 -0.0812 2.6306 0.2615 0.2737 -0.0060
7.6292 0.0079 -0.0080 6.1065 -0.1601 -0.1606 0.0117 0.0943 -0.0946 2.5085 0.2264 0.2328 -0.0057
7.6502 0.0100 -0.0101 6.1586 -0.1646 -0.1650 0.0123 0.1084 -0.1087 2.3879 0.1699 0.1875 -0.0053
7.6682 0.0119 -0.0121 6.2013 -0.1672 -0.1675 0.0127 0.1189 -0.1190 2.3025 0.1410 0.1554 -0.0050
7.6832 0.0138 -0.0139 6.2354 -0.1698 -0.1699 0.0130 0.1297 -0.1297 2.2179 0.1163 0.1257 -0.0047
7.7012 0.0162 -0.0163 6.2747 -0.1715 -0.1714 0.0133 0.1429 -0.1428 2.1171 0.0822 0.0929 -0.0044
7.7162 0.0188 -0.0190 6.3123 -0.1729 -0.1728 0.0134 0.1541 -0.1539 2.0338 0.0553 0.0671 -0.0042
7.7342 0.0212 -0.0214 6.3421 -0.1739 -0.1735 0.0135 0.1679 -0.1674 1.9346 0.0287 0.0378 -0.0039
7.7492 0.0238 -0.0239 6.3708 -0.1743 -0.1738 0.0135 0.1795 -0.1789 1.8526 0.0077 0.0153 -0.0037
7.7672 0.0277 -0.0278 6.4088 -0.1743 -0.1737 0.0135 0.1935 -0.1927 1.7549 -0.0169 -0.0095 -0.0034
7.7852 0.0307 -0.0308 6.4346 -0.1741 -0.1733 0.0134 0.2077 -0.2067 1.6579 -0.0382 -0.0322 -0.0032
7.8062 0.0359 -0.0359 6.4732 -0.1731 -0.1721 0.0131 0.2268 -0.2254 1.5297 -0.0633 -0.0595 -0.0029
7.8302 0.0407 -0.0408 6.5045 -0.1717 -0.1706 0.0128 0.2435 -0.2418 1.4185 -0.0858 -0.0833 -0.0026
7.8482 0.0452 -0.0452 6.5294 -0.1699 -0.1686 0.0125 0.2602 -0.2582 1.3081 -0.1000 -0.0989 -0.0025
7.8692 0.0516 -0.0515 6.5601 -0.1674 -0.1660 0.0120 0.2768 -0.2746 1.1986 -0.1167 -0.1173 -0.0023
7.8902 0.0566 -0.0565 6.5811 -0.1656 -0.1641 0.0116 0.2910 -0.2885 1.1053 -0.1257 -0.1272 -0.0021
7.9082 0.0620 -0.0618 6.6004 -0.1629 -0.1613 0.0111 0.3051 -0.3023 1.0126 -0.1351 -0.1377 -0.0020
7.9292 0.0685 -0.0683 6.6209 -0.1599 -0.1583 0.0106 0.3213 -0.3182 0.9051 -0.1456 -0.1496 -0.0019
7.9472 0.0754 -0.0751 6.6391 -0.1572 -0.1556 0.0102 0.3350 -0.3317 0.8134 -0.1520 -0.1569 -0.0018
7.9652 0.0805 -0.0801 6.6507 -0.1544 -0.1527 0.0097 0.3509 -0.3473 0.7070 -0.1573 -0.1630 -0.0017
7.9832 0.0879 -0.0875 6.6651 -0.1515 -0.1498 0.0092 0.3620 -0.3582 0.6314 -0.1616 -0.1680 -0.0016
8.0012 0.0945 -0.0941 6.6757 -0.1485 -0.1468 0.0087 0.3751 -0.3711 0.5409 -0.1649 -0.1718 -0.0016
8.0252 0.1026 -0.1020 6.6859 -0.1444 -0.1427 0.0081 0.3945 -0.3901 0.4059 -0.1678 -0.1755 -0.0015
8.0462 0.1109 -0.1103 6.6940 -0.1407 -0.1391 0.0075 0.4091 -0.4045 0.3013 -0.1692 -0.1773 -0.0014
8.0642 0.1196 -0.1188 6.6998 -0.1370 -0.1355 0.0070 0.4214 -0.4166 0.2119 -0.1697 -0.1781 -0.0014
8.0822 0.1272 -0.1264 6.7031 -0.1344 -0.1329 0.0066 0.4334 -0.4284 0.1228 -0.1695 -0.1781 -0.0013
8.0972 0.1338 -0.1329 6.7046 -0.1312 -0.1298 0.0061 0.4432 -0.4380 0.0486 -0.1687 -0.1774 -0.0013
8.1212 0.1432 -0.1422 6.7049 -0.1280 -0.1267 0.0057 0.4566 -0.4513 -0.0551 -0.1674 -0.1762 -0.0012
8.1392 0.1515 -0.1504 6.7033 -0.1249 -0.1236 0.0053 0.4678 -0.4623 -0.1438 -0.1656 -0.1744 -0.0012
8.1542 0.1600 -0.1587 6.7002 -0.1213 -0.1201 0.0048 0.4787 -0.4731 -0.2325 -0.1631 -0.1717 -0.0012
8.1782 0.1716 -0.1702 6.6936 -0.1177 -0.1167 0.0044 0.4929 -0.4871 -0.3506 -0.1600 -0.1685 -0.0011
8.1992 0.1820 -0.1805 6.6854 -0.1138 -0.1128 0.0039 0.5049 -0.4989 -0.4536 -0.1565 -0.1648 -0.0011
8.2202 0.1927 -0.1911 6.6751 -0.1108 -0.1100 0.0035 0.5165 -0.5105 -0.5565 -0.1527 -0.1606 -0.0010
8.2412 0.2036 -0.2019 6.6627 -0.1071 -0.1063 0.0031 0.5278 -0.5217 -0.6589 -0.1485 -0.1562 -0.0010
8.2622 0.2132 -0.2114 6.6503 -0.1043 -0.1036 0.0028 0.5373 -0.5311 -0.7465 -0.1448 -0.1522 -0.0010
8.2802 0.2229 -0.2210 6.6363 -0.1016 -0.1010 0.0025 0.5466 -0.5403 -0.8337 -0.1408 -0.1479 -0.0009
8.2982 0.2328 -0.2307 6.6208 -0.0994 -0.0989 0.0023 0.5556 -0.5493 -0.9206 -0.1368 -0.1436 -0.0009
8.3162 0.2429 -0.2407 6.6037 -0.0965 -0.0961 0.0019 0.5644 -0.5580 -1.0072 -0.1320 -0.1384 -0.0009
8.3402 0.2565 -0.2542 6.5785 -0.0932 -0.0929 0.0016 0.5759 -0.5695 -1.1219 -0.1264 -0.1324 -0.0008
8.3582 0.2669 -0.2645 6.5578 -0.0913 -0.0910 0.0014 0.5843 -0.5779 -1.2074 -0.1229 -0.1286 -0.0008
8.3732 0.2775 -0.2749 6.5356 -0.0886 -0.0884 0.0012 0.5950 -0.5886 -1.2937 -0.1179 -0.1232 -0.0008
8.3972 0.2919 -0.2892 6.5041 -0.0861 -0.0860 0.0009 0.6082 -0.6018 -1.3480 -0.1130 -0.1179 -0.0007
8.4182 0.3029 -0.3001 6.4797 -0.0837 -0.0836 0.0007 0.6209 -0.6145 -1.3752 -0.1089 -0.1135 -0.0007
8.4362 0.3161 -0.3131 6.4506 -0.0817 -0.0817 0.0005 0.6343 -0.6279 -1.3900 -0.1050 -0.1092 -0.0007
8.4542 0.3257 -0.3226 6.4297 -0.0797 -0.0798 0.0004 0.6504 -0.6440 -1.3965 -0.0999 -0.1037 -0.0006
8.4752 0.3394 -0.3362 6.4004 -0.0776 -0.0777 0.0002 0.6643 -0.6580 -1.3959 -0.0964 -0.0999 -0.0006
8.4902 0.3514 -0.3481 6.3753 -0.0761 -0.0763 0.0001 0.6782 -0.6719 -1.3912 -0.0935 -0.0968 -0.0006
8.5082 0.3617 -0.3582 6.3545 -0.0744 -0.0746 -0.0001 0.6920 -0.6858 -1.3838 -0.0897 -0.0928 -0.0006
8.5322 0.3805 -0.3769 6.3172 -0.0722 -0.0725 -0.0003 0.7079 -0.7018 -1.3727 -0.0861 -0.0889 -0.0005
8.5502 0.3912 -0.3875 6.2967 -0.0709 -0.0712 -0.0004 0.7213 -0.7152 -1.3618 -0.0836 -0.0862 -0.0005
8.5652 0.4043 -0.4005 6.2722 -0.0691 -0.0694 -0.0005 0.7344 -0.7285 -1.3499 -0.0803 -0.0828 -0.0005
8.5862 0.4198 -0.4159 6.2440 -0.0676 -0.0680 -0.0006 0.7473 -0.7415 -1.3374 -0.0778 -0.0800 -0.0005
8.6042 0.4311 -0.4271 6.2240 -0.0662 -0.0666 -0.0007 0.7600 -0.7543 -1.3244 -0.0758 -0.0779 -0.0004
8.6222 0.4448 -0.4408 6.2003 -0.0648 -0.0653 -0.0008 0.7724 -0.7668 -1.3110 -0.0735 -0.0754 -0.0004
8.6432 0.4612 -0.4570 6.1729 -0.0633 -0.0637 -0.0009 0.7866 -0.7811 -1.2949 -0.0704 -0.0721 -0.0004
8.6612 0.4778 -0.4735 6.1458 -0.0620 -0.0625 -0.0010 0.8004 -0.7951 -1.2786 -0.0683 -0.0699 -0.0004
8.6822 0.4947 -0.4903 6.1191 -0.0606 -0.0611 -0.0011 0.8140 -0.8088 -1.2620 -0.0656 -0.0670 -0.0003
8.7062 0.5119 -0.5074 6.0927 -0.0590 -0.0595 -0.0012 0.8272 -0.8222 -1.2452 -0.0637 -0.0650 -0.0003
8.7212 0.5269 -0.5222 6.0704 -0.0580 -0.0585 -0.0013 0.8365 -0.8316 -1.2329 -0.0617 -0.0630 -0.0003
8.7452 0.5446 -0.5398 6.0446 -0.0565 -0.0571 -0.0014 0.8510 -0.8463 -1.2135 -0.0595 -0.0606 -0.0003
8.7692 0.5651 -0.5603 6.0157 -0.0551 -0.0557 -0.0015 0.8668 -0.8624 -1.1913 -0.0572 -0.0582 -0.0003
8.7932 0.5886 -0.5837 5.9837 -0.0537 -0.0543 -0.0015 0.8806 -0.8763 -1.1714 -0.0550 -0.0559 -0.0003
8.8142 0.6072 -0.6022 5.9592 -0.0526 -0.0532 -0.0016 0.8923 -0.8882 -1.1539 -0.0530 -0.0538 -0.0002
8.8382 0.6287 -0.6236 5.9317 -0.0511 -0.0517 -0.0017 0.9055 -0.9016 -1.1337 -0.0510 -0.0518 -0.0002
8.8592 0.6478 -0.6426 5.9080 -0.0501 -0.0507 -0.0017 0.9183 -0.9146 -1.1135 -0.0494 -0.0501 -0.0002
8.8832 0.6700 -0.6646 5.8814 -0.0490 -0.0497 -0.0018 0.9276 -0.9241 -1.0982 -0.0479 -0.0486 -0.0002
8.9012 0.6867 -0.6814 5.8618 -0.0482 -0.0488 -0.0019 0.9384 -0.9351 -1.0803 -0.0465 -0.0471 -0.0002
8.9252 0.7094 -0.7039 5.8361 -0.0470 -0.0477 -0.0019 0.9504 -0.9473 -1.0598 -0.0450 -0.0455 -0.0002
8.9462 0.7294 -0.7239 5.8139 -0.0461 -0.0467 -0.0020 0.9592 -0.9563 -1.0444 -0.0438 -0.0443 -0.0002
8.9672 0.7468 -0.7412 5.7953 -0.0452 -0.0458 -0.0020 0.9693 -0.9665 -1.0263 -0.0428 -0.0432 -0.0002
8.9882 0.7672 -0.7616 5.7739 -0.0443 -0.0449 -0.0020 0.9792 -0.9766 -1.0081 -0.0415 -0.0419 -0.0001
9.0062 0.7878 -0.7821 5.7528 -0.0435 -0.0442 -0.0021 0.9889 -0.9865 -0.9899 -0.0404 -0.0407 -0.0001
9.0302 0.8087 -0.8029 5.7322 -0.0427 -0.0434 -0.0021 0.9984 -0.9962 -0.9717 -0.0393 -0.0396 -0.0001
9.0482 0.8267 -0.8209 5.7148 -0.0420 -0.0426 -0.0022 1.0064 -1.0044 -0.9560 -0.0385 -0.0387 -0.0001
9.0692 0.8479 -0.8421 5.6948 -0.0412 -0.0418 -0.0022 1.0156 -1.0137 -0.9377 -0.0375 -0.0377 -0.0001
9.0872 0.8662 -0.8604 5.6780 -0.0405 -0.0412 -0.0022 1.0233 -1.0216 -0.9221 -0.0367 -0.0369 -0.0001
9.1082 0.8878 -0.8819 5.6588 -0.0396 -0.0403 -0.0023 1.0321 -1.0306 -0.9037 -0.0356 -0.0357 -0.0001
9.1352 0.9157 -0.9098 5.6347 -0.0387 -0.0394 -0.0023 1.0432 -1.0419 -0.8798 -0.0344 -0.0345 -0.0001
9.1502 0.9314 -0.9255 5.6215 -0.0382 -0.0388 -0.0023 1.0492 -1.0481 -0.8669 -0.0339 -0.0340 -0.0001
9.1742 0.9567 -0.9507 5.6009 -0.0375 -0.0381 -0.0024 1.0576 -1.0566 -0.8485 -0.0331 -0.0332 -0.0001
9.1892 0.9726 -0.9666 5.5883 -0.0369 -0.0375 -0.0024 1.0647 -1.0639 -0.8289 -0.0337 -0.0336 -0.0001
9.2102 0.9950 -0.9891 5.5717 -0.0360 -0.0366 -0.0024 1.0766 -1.0761 -0.7055 -0.0547 -0.0514 -0.0001
9.2312 1.0210 -1.0150 5.5562 -0.0349 -0.0355 -0.0025 1.0904 -1.0902 -0.5457 -0.0377 -0.0415 -0.0001
9.2552 1.0473 -1.0413 5.5445 -0.0340 -0.0346 -0.0025 1.1033 -1.1033 -0.4006 -0.0383 -0.0372 -0.0001
9.2732 1.0672 -1.0612 5.5378 -0.0333 -0.0339 -0.0025 1.1116 -1.1119 -0.3241 -0.0415 -0.0392 -0.0001
9.2912 1.0839 -1.0779 5.5332 -0.0326 -0.0332 -0.0025 1.1190 -1.1195 -0.2701 -0.0364 -0.0378 -0.0001
9.3092 1.1074 -1.1015 5.5277 -0.0318 -0.0325 -0.0026 1.1258 -1.1264 -0.2321 -0.0355 -0.0355 -0.0001
9.3332 1.1345 -1.1286 5.5225 -0.0311 -0.0317 -0.0026 1.1330 -1.1339 -0.2014 -0.0366 -0.0353 -0.0001
9.3512 1.1516 -1.1456 5.5196 -0.0305 -0.0311 -0.0026 1.1389 -1.1398 -0.1830 -0.0349 -0.0349 -0.0001
9.3662 1.1721 -1.1662 5.5164 -0.0299 -0.0305 -0.0026 1.1445 -1.1456 -0.1696 -0.0339 -0.0341 -0.0001
9.3872 1.1927 -1.1868 5.5134 -0.0292 -0.0298 -0.0026 1.1498 -1.1510 -0.1596 -0.0342 -0.0335 -0.0001
9.4052 1.2135 -1.2076 5.5105 -0.0286 -0.0292 -0.0027 1.1550 -1.1563 -0.1519 -0.0334 -0.0330 -0.0001
9.4262 1.2378 -1.2319 5.5074 -0.0279 -0.0285 -0.0027 1.1616 -1.1632 -0.1442 -0.0326 -0.0323 -0.0001
9.4502 1.2657 -1.2599 5.5040 -0.0271 -0.0277 -0.0027 1.1681 -1.1697 -0.1383 -0.0322 -0.0316 -0.0000
9.4712 1.2902 -1.2845 5.5011 -0.0265 -0.0271 -0.0027 1.1727 -1.1745 -0.1347 -0.0314 -0.0310 -0.0000
9.4952 1.3184 -1.3127 5.4979 -0.0258 -0.0264 -0.0027 1.1788 -1.1807 -0.1306 -0.0309 -0.0304 -0.0000
9.5132 1.3432 -1.3375 5.4952 -0.0251 -0.0257 -0.0028 1.1839 -1.1860 -0.1273 -0.0302 -0.0297 -0.0000
9.5312 1.3646 -1.3589 5.4929 -0.0247 -0.0252 -0.0028 1.1875 -1.1897 -0.1252 -0.0299 -0.0293 -0.0000
9.5492 1.3824 -1.3768 5.4911 -0.0242 -0.0248 -0.0028 1.1917 -1.1940 -0.1228 -0.0293 -0.0288 -0.0000
9.5642 1.4003 -1.3947 5.4892 -0.0237 -0.0242 -0.0028 1.1951 -1.1975 -0.1209 -0.0289 -0.0283 -0.0000
9.5852 1.4254 -1.4199 5.4867 -0.0232 -0.0237 -0.0028 1.1991 -1.2016 -0.1187 -0.0283 -0.0277 -0.0000
9.6002 1.4471 -1.4416 5.4846 -0.0227 -0.0232 -0.0028 1.2031 -1.2057 -0.1166 -0.0278 -0.0272 -0.0000
9.6212 1.4688 -1.4633 5.4825 -0.0222 -0.0226 -0.0028 1.2076 -1.2102 -0.1141 -0.0273 -0.0266 -0.0000
9.6392 1.4905 -1.4851 5.4805 -0.0217 -0.0221 -0.0029 1.2113 -1.2141 -0.1121 -0.0268 -0.0261 -0.0000
9.6602 1.5160 -1.5106 5.4781 -0.0211 -0.0216 -0.0029 1.2156 -1.2185 -0.1098 -0.0260 -0.0253 -0.0000
9.6812 1.5452 -1.5399 5.4755 -0.0206 -0.0210 -0.0029 1.2197 -1.2227 -0.1076 -0.0255 -0.0248 -0.0000
9.7052 1.5709 -1.5656 5.4733 -0.0200 -0.0204 -0.0029 1.2243 -1.2274 -0.1051 -0.0247 -0.0240 -0.0000
9.7262 1.6003 -1.5951 5.4708 -0.0195 -0.0199 -0.0029 1.2288 -1.2320 -0.1026 -0.0242 -0.0235 -0.0000
9.7442 1.6187 -1.6136 5.4692 -0.0191 -0.0195 -0.0029 1.2315 -1.2348 -0.1011 -0.0238 -0.0231 -0.0000
9.7652 1.6446 -1.6396 5.4671 -0.0186 -0.0190 -0.0029 1.2352 -1.2386 -0.0990 -0.0232 -0.0225 -0.0000
9.7892 1.6780 -1.6731 5.4645 -0.0180 -0.0184 -0.0029 1.2404 -1.2438 -0.0962 -0.0225 -0.0218 -0.0000
9.8102 1.7004 -1.6955 5.4628 -0.0176 -0.0180 -0.0029 1.2429 -1.2464 -0.0947 -0.0220 -0.0213 -0.0000
9.8312 1.7302 -1.7254 5.4605 -0.0172 -0.0175 -0.0029 1.2463 -1.2499 -0.0928 -0.0215 -0.0207 -0.0000
9.8462 1.7489 -1.7442 5.4591 -0.0169 -0.0172 -0.0030 1.2486 -1.2523 -0.0914 -0.0211 -0.0204 -0.0000
9.8672 1.7752 -1.7705 5.4572 -0.0165 -0.0168 -0.0030 1.2524 -1.2561 -0.0893 -0.0206 -0.0198 -0.0000
9.8882 1.7977 -1.7932 5.4556 -0.0161 -0.0164 -0.0030 1.2551 -1.2588 -0.0877 -0.0201 -0.0194 -0.0000
9.9032 1.8166 -1.8121 5.4543 -0.0158 -0.0160 -0.0030 1.2573 -1.2611 -0.0864 -0.0198 -0.0191 -0.0000
9.9212 1.8392 -1.8348 5.4528 -0.0154 -0.0157 -0.0030 1.2599 -1.2637 -0.0849 -0.0194 -0.0186 -0.0000
9.9392 1.8657 -1.8613 5.4510 -0.0151 -0.0153 -0.0030 1.2628 -1.2667 -0.0831 -0.0189 -0.0181 -0.0000
9.9602 1.8885 -1.8842 5.4495 -0.0147 -0.0149 -0.0030 1.2653 -1.2692 -0.0816 -0.0185 -0.0177 -0.0000
9.9812 1.9150 -1.9108 5.4478 -0.0144 -0.0146 -0.0030 1.2681 -1.2721 -0.0799 -0.0180 -0.0173 -0.0000
9.9992 1.9379 -1.9337 5.4464 -0.0140 -0.0142 -0.0030 1.2704 -1.2744 -0.0785 -0.0175 -0.0168 -0.0000
10.0172 1.9608 -1.9567 5.4450 -0.0137 -0.0139 -0.0030 1.2727 -1.2768 -0.0771 -0.0172 -0.0164 -0.0000
10.0382 1.9913 -1.9874 5.4431 -0.0134 -0.0136 -0.0030 1.2756 -1.2798 -0.0753 -0.0167 -0.0159 -0.0000
10.0622 2.0220 -2.0181 5.4414 -0.0130 -0.0132 -0.0030 1.2785 -1.2827 -0.0735 -0.0162 -0.0155 -0.0000
10.0862 2.0488 -2.0451 5.4398 -0.0127 -0.0128 -0.0030 1.2809 -1.2851 -0.0720 -0.0158 -0.0151 -0.0000
10.1072 2.0796 -2.0759 5.4381 -0.0123 -0.0124 -0.0030 1.2836 -1.2878 -0.0702 -0.0153 -0.0146 -0.0000
10.1342 2.1143 -2.1107 5.4362 -0.0119 -0.0120 -0.0030 1.2866 -1.2908 -0.0684 -0.0148 -0.0141 -0.0000
10.1642 2.1491 -2.1456 5.4344 -0.0115 -0.0116 -0.0030 1.2894 -1.2937 -0.0665 -0.0144 -0.0137 -0.0000
10.1822 2.1762 -2.1728 5.4330 -0.0112 -0.0113 -0.0030 1.2918 -1.2961 -0.0650 -0.0139 -0.0133 -0.0000
10.2092 2.2111 -2.2078 5.4313 -0.0109 -0.0110 -0.0030 1.2939 -1.2982 -0.0636 -0.0135 -0.0129 -0.0000
10.2302 2.2344 -2.2312 5.4301 -0.0107 -0.0107 -0.0030 1.2959 -1.3002 -0.0623 -0.0132 -0.0125 -0.0000
10.2482 2.2616 -2.2585 5.4288 -0.0104 -0.0105 -0.0031 1.2979 -1.3021 -0.0610 -0.0129 -0.0122 -0.0000
10.2692 2.2850 -2.2820 5.4278 -0.0102 -0.0102 -0.0031 1.2995 -1.3038 -0.0599 -0.0126 -0.0120 -0.0000
10.2932 2.3162 -2.3133 5.4263 -0.0099 -0.0099 -0.0031 1.3016 -1.3059 -0.0584 -0.0122 -0.0116 -0.0000
10.3112 2.3435 -2.3407 5.4251 -0.0097 -0.0097 -0.0031 1.3034 -1.3077 -0.0572 -0.0119 -0.0113 -0.0000
10.3352 2.3748 -2.3721 5.4238 -0.0094 -0.0094 -0.0031 1.3054 -1.3096 -0.0559 -0.0115 -0.0109 -0.0000
10.3622 2.4101 -2.4075 5.4223 -0.0091 -0.0091 -0.0031 1.3076 -1.3118 -0.0544 -0.0111 -0.0105 -0.0000
10.3892 2.4415 -2.4390 5.4210 -0.0089 -0.0088 -0.0031 1.3094 -1.3136 -0.0531 -0.0108 -0.0103 -0.0000
10.4132 2.4769 -2.4745 5.4196 -0.0086 -0.0085 -0.0031 1.3114 -1.3156 -0.0516 -0.0104 -0.0099 -0.0000
10.4372 2.5044 -2.5021 5.4185 -0.0084 -0.0083 -0.0031 1.3132 -1.3173 -0.0504 -0.0101 -0.0096 -0.0000
10.4582 2.5320 -2.5298 5.4174 -0.0082 -0.0081 -0.0031 1.3144 -1.3185 -0.0495 -0.0099 -0.0094 -0.0000
10.4792 2.5596 -2.5575 5.4164 -0.0080 -0.0079 -0.0031 1.3159 -1.3200 -0.0485 -0.0096 -0.0091 -0.0000
10.4972 2.5873 -2.5852 5.4154 -0.0078 -0.0077 -0.0031 1.3173 -1.3213 -0.0475 -0.0094 -0.0089 -0.0000
10.5182 2.6110 -2.6090 5.4145 -0.0076 -0.0075 -0.0031 1.3184 -1.3224 -0.0466 -0.0091 -0.0087 -0.0000
10.5392 2.6427 -2.6408 5.4134 -0.0074 -0.0073 -0.0031 1.3199 -1.3239 -0.0455 -0.0089 -0.0084 -0.0000
10.5722 2.6862 -2.6845 5.4119 -0.0072 -0.0070 -0.0031 1.3219 -1.3258 -0.0440 -0.0085 -0.0081 -0.0000
10.5992 2.7180 -2.7163 5.4109 -0.0070 -0.0068 -0.0031 1.3235 -1.3274 -0.0428 -0.0082 -0.0078 -0.0000
10.6232 2.7537 -2.7522 5.4097 -0.0068 -0.0066 -0.0031 1.3248 -1.3286 -0.0418 -0.0079 -0.0076 -0.0000
10.6472 2.7816 -2.7801 5.4089 -0.0066 -0.0064 -0.0031 1.3261 -1.3299 -0.0408 -0.0077 -0.0073 -0.0000
10.6742 2.8174 -2.8160 5.4078 -0.0064 -0.0062 -0.0031 1.3276 -1.3312 -0.0398 -0.0074 -0.0071 -0.0000
10.6952 2.8492 -2.8480 5.4068 -0.0062 -0.0060 -0.0031 1.3286 -1.3322 -0.0389 -0.0073 -0.0069 -0.0000
10.7222 2.8851 -2.8839 5.4058 -0.0061 -0.0059 -0.0031 1.3299 -1.3335 -0.0379 -0.0070 -0.0067 -0.0000
10.7522 2.9250 -2.9240 5.4047 -0.0059 -0.0056 -0.0031 1.3315 -1.3350 -0.0367 -0.0067 -0.0064 -0.0000
10.7792 2.9610 -2.9600 5.4037 -0.0057 -0.0055 -0.0031 1.3326 -1.3360 -0.0358 -0.0065 -0.0062 -0.0000
10.8062 2.9930 -2.9921 5.4028 -0.0055 -0.0053 -0.0031 1.3337 -1.3371 -0.0349 -0.0063 -0.0060 -0.0000
10.8302 3.0250 -3.0242 5.4020 -0.0054 -0.0052 -0.0031 1.3348 -1.3380 -0.0341 -0.0061 -0.0059 -0.0000
10.8512 3.0571 -3.0563 5.4012 -0.0053 -0.0050 -0.0031 1.3356 -1.3388 -0.0334 -0.0059 -0.0057 -0.0000
10.8812 3.0931 -3.0925 5.4003 -0.0051 -0.0049 -0.0031 1.3367 -1.3398 -0.0325 -0.0057 -0.0055 -0.0000
10.9022 3.1252 -3.1246 5.3995 -0.0050 -0.0047 -0.0031 1.3376 -1.3406 -0.0317 -0.0055 -0.0053 -0.0000
10.9262 3.1533 -3.1528 5.3989 -0.0049 -0.0046 -0.0031 1.3383 -1.3413 -0.0311 -0.0054 -0.0052 -0.0000
10.9502 3.1895 -3.1890 5.3980 -0.0047 -0.0045 -0.0031 1.3394 -1.3423 -0.0302 -0.0052 -0.0050 -0.0000
10.9802 3.2256 -3.2253 5.3972 -0.0046 -0.0043 -0.0031 1.3402 -1.3430 -0.0295 -0.0050 -0.0049 -0.0000
11.0042 3.2618 -3.2615 5.3964 -0.0045 -0.0042 -0.0031 1.3411 -1.3438 -0.0287 -0.0048 -0.0047 -0.0000
11.0342 3.3021 -3.3019 5.3956 -0.0043 -0.0040 -0.0031 1.3421 -1.3447 -0.0278 -0.0046 -0.0045 -0.0000
11.0672 3.3423 -3.3422 5.3948 -0.0042 -0.0039 -0.0031 1.3430 -1.3455 -0.0270 -0.0044 -0.0044 -0.0000
11.0972 3.3826 -3.3826 5.3940 -0.0041 -0.0038 -0.0031 1.3438 -1.3462 -0.0263 -0.0043 -0.0042 -0.0000
11.1212 3.4189 -3.4189 5.3932 -0.0039 -0.0037 -0.0031 1.3446 -1.3469 -0.0256 -0.0041 -0.0041 -0.0000
11.1452 3.4512 -3.4513 5.3926 -0.0038 -0.0036 -0.0031 1.3452 -1.3474 -0.0251 -0.0040 -0.0040 -0.0000
11.1722 3.4875 -3.4877 5.3920 -0.0037 -0.0035 -0.0031 1.3458 -1.3479 -0.0245 -0.0039 -0.0039 -0.0000
11.1932 3.5118 -3.5119 5.3915 -0.0037 -0.0034 -0.0031 1.3463 -1.3484 -0.0240 -0.0038 -0.0038 -0.0000
11.2112 3.5400 -3.5402 5.3910 -0.0036 -0.0033 -0.0031 1.3467 -1.3488 -0.0236 -0.0037 -0.0037 -0.0000
11.2322 3.5683 -3.5686 5.3905 -0.0035 -0.0033 -0.0031 1.3472 -1.3492 -0.0231 -0.0036 -0.0036 -0.0000
11.2562 3.6007 -3.6010 5.3900 -0.0034 -0.0032 -0.0031 1.3478 -1.3497 -0.0225 -0.0034 -0.0035 -0.0000
11.2832 3.6371 -3.6374 5.3894 -0.0033 -0.0031 -0.0031 1.3483 -1.3501 -0.0220 -0.0033 -0.0034 -0.0000
11.3012 3.6613 -3.6617 5.3890 -0.0033 -0.0030 -0.0031 1.3488 -1.3505 -0.0216 -0.0032 -0.0033 -0.0000
11.3222 3.6856 -3.6860 5.3886 -0.0032 -0.0030 -0.0031 1.3491 -1.3508 -0.0212 -0.0032 -0.0032 -0.0000
11.3492 3.7261 -3.7265 5.3880 -0.0031 -0.0029 -0.0031 1.3498 -1.3513 -0.0206 -0.0030 -0.0031 -0.0000
11.3792 3.7626 -3.7630 5.3874 -0.0030 -0.0028 -0.0031 1.3503 -1.3517 -0.0201 -0.0029 -0.0030 -0.0000
11.4092 3.8031 -3.8036 5.3868 -0.0029 -0.0027 -0.0031 1.3508 -1.3521 -0.0195 -0.0028 -0.0029 -0.0000
11.4332 3.8395 -3.8401 5.3863 -0.0029 -0.0026 -0.0031 1.3512 -1.3524 -0.0191 -0.0027 -0.0028 -0.0000
11.4572 3.8720 -3.8726 5.3858 -0.0028 -0.0026 -0.0031 1.3515 -1.3527 -0.0187 -0.0026 -0.0028 -0.0000
11.4752 3.8963 -3.8969 5.3855 -0.0028 -0.0025 -0.0031 1.3519 -1.3530 -0.0184 -0.0025 -0.0027 -0.0000
11.5022 3.9328 -3.9335 5.3850 -0.0027 -0.0024 -0.0031 1.3522 -1.3533 -0.0179 -0.0025 -0.0026 -0.0000
11.5292 3.9653 -3.9659 5.3846 -0.0026 -0.0024 -0.0031 1.3526 -1.3535 -0.0176 -0.0037 -0.0037 -0.0000
11.5472 3.9937 -3.9944 5.3842 -0.0025 -0.0023 -0.0031 1.3529 -1.3537 -0.0172 -0.0054 -0.0053 -0.0000
11.5712 4.0261 -4.0269 5.3838 -0.0024 -0.0021 -0.0031 1.3532 -1.3540 -0.0168 -0.0065 -0.0067 -0.0000
11.6012 4.0627 -4.0634 5.3834 -0.0022 -0.0020 -0.0031 1.3535 -1.3542 -0.0165 -0.0080 -0.0080 -0.0000
11.6222 4.0911 -4.0918 5.3830 -0.0020 -0.0018 -0.0031 1.3537 -1.3543 -0.0161 -0.0092 -0.0094 -0.0000
11.6432 4.1195 -4.1203 5.3827 -0.0018 -0.0016 -0.0031 1.3538 -1.3544 -0.0159 -0.0102 -0.0104 -0.0000
11.6612 4.1480 -4.1487 5.3824 -0.0016 -0.0013 -0.0031 1.3539 -1.3544 -0.0156 -0.0115 -0.0116 -0.0000
11.6852 4.1764 -4.1772 5.3820 -0.0013 -0.0011 -0.0031 1.3539 -1.3544 -0.0153 -0.0128 -0.0129 -0.0000
11.7092 4.2130 -4.2137 5.3816 -0.0010 -0.0007 -0.0031 1.3539 -1.3543 -0.0150 -0.0144 -0.0146 -0.0000
11.7273 4.2373 -4.2381 5.3814 -0.0007 -0.0005 -0.0031 1.3539 -1.3542 -0.0148 -0.0155 -0.0157 -0.0000
11.7483 4.2658 -4.2666 5.3810 -0.0004 -0.0001 -0.0031 1.3537 -1.3540 -0.0145 -0.0173 -0.0175 -0.0000
11.7753 4.3023 -4.3031 5.3807 0.0001 0.0003 -0.0031 1.3534 -1.3536 -0.0142 -0.0194 -0.0196 -0.0000
11.8023 4.3388 -4.3397 5.3803 0.0007 0.0009 -0.0031 1.3530 -1.3531 -0.0138 -0.0221 -0.0222 -0.0000
11.8233 4.3673 -4.3681 5.3800 0.0012 0.0014 -0.0031 1.3525 -1.3526 -0.0136 -0.0246 -0.0246 -0.0000
11.8503 4.4038 -4.4046 5.3796 0.0019 0.0021 -0.0031 1.3518 -1.3518 -0.0132 -0.0271 -0.0272 -0.0000
11.8743 4.4362 -4.4370 5.3793 0.0026 0.0028 -0.0031 1.3510 -1.3509 -0.0129 -0.0307 -0.0308 -0.0000
11.9013 4.4727 -4.4735 5.3790 0.0034 0.0036 -0.0031 1.3501 -1.3498 -0.0125 -0.0349 -0.0350 -0.0000
11.9223 4.4970 -4.4978 5.3787 0.0042 0.0044 -0.0031 1.3489 -1.3486 -0.0121 -0.0399 -0.0399 -0.0000
11.9553 4.5415 -4.5422 5.3784 0.0056 0.0058 -0.0031 1.3469 -1.3465 -0.0115 -0.0462 -0.0462 -0.0000
11.9793 4.5778 -4.5786 5.3780 0.0067 0.0069 -0.0031 1.3454 -1.3450 -0.0110 -0.0524 -0.0525 -0.0000
12.0033 4.6061 -4.6068 5.3778 0.0081 0.0083 -0.0031 1.3435 -1.3429 -0.0104 -0.0608 -0.0609 -0.0000
12.0273 4.6423 -4.6430 5.3775 0.0096 0.0098 -0.0031 1.3408 -1.3402 -0.0095 -0.0734 -0.0732 -0.0000
12.0513 4.6745 -4.6752 5.3773 0.0114 0.0116 -0.0030 1.3381 -1.3374 -0.0085 -0.0860 -0.0857 -0.0000
12.0783 4.7106 -4.7113 5.3771 0.0138 0.0141 -0.0030 1.3349 -1.3340 -0.0072 -0.1004 -0.1001 -0.0001
12.1023 4.7425 -4.7432 5.3770 0.0167 0.0170 -0.0030 1.3306 -1.3297 -0.0052 -0.1164 -0.1163 -0.0001
12.1233 4.7705 -4.7711 5.3769 0.0194 0.0196 -0.0029 1.3267 -1.3257 -0.0032 -0.1364 -0.1365 -0.0001
12.1473 4.7983 -4.7989 5.3768 0.0220 0.0222 -0.0029 1.3229 -1.3218 -0.0009 -0.1568 -0.1566 -0.0001
12.1653 4.8260 -4.8266 5.3769 0.0302 0.0313 -0.0027 1.3165 -1.3152 0.0136 -1.1025 -0.9919 -0.0009
12.1863 4.8536 -4.8542 5.3773 0.0509 0.0533 -0.0018 1.3070 -1.3052 0.0360 -0.6162 -0.7562 -0.0028
12.2163 4.8887 -4.8892 5.3787 0.0672 0.0661 -0.0009 1.2882 -1.2861 0.0782 -0.4171 -0.4221 -0.0030
12.2403 4.9194 -4.9199 5.3809 0.0797 0.0804 -0.0001 1.2683 -1.2662 0.1142 -0.5135 -0.4957 -0.0034
12.2643 4.9534 -4.9539 5.3844 0.0903 0.0900 0.0008 1.2424 -1.2401 0.1510 -0.2705 -0.3440 -0.0034
12.2853 4.9757 -4.9761 5.3873 0.0969 0.0961 0.0013 1.2236 -1.2215 0.1727 -0.3173 -0.2886 -0.0033
12.3093 5.0048 -5.0052 5.3916 0.1035 0.1033 0.0019 1.1941 -1.1921 0.1993 -0.2229 -0.2460 -0.0032
12.3333 5.0333 -5.0336 5.3965 0.1088 0.1079 0.0024 1.1702 -1.1682 0.2159 -0.1667 -0.1794 -0.0030
12.3543 5.0611 -5.0614 5.4019 0.1122 0.1114 0.0027 1.1423 -1.1405 0.2302 -0.1507 -0.1418 -0.0028
12.3753 5.0849 -5.0852 5.4068 0.1149 0.1141 0.0029 1.1175 -1.1158 0.2392 -0.0954 -0.1090 -0.0026
12.3993 5.1082 -5.1084 5.4118 0.1172 0.1162 0.0031 1.0891 -1.0876 0.2448 -0.0673 -0.0672 -0.0024
12.4323 5.1470 -5.1471 5.4201 0.1193 0.1183 0.0033 1.0554 -1.0541 0.2021 -0.0655 -0.0661 -0.0021
12.4563 5.1690 -5.1691 5.4242 0.1208 0.1199 0.0035 1.0299 -1.0288 0.1761 -0.0619 -0.0639 -0.0019
12.4773 5.1936 -5.1936 5.4283 0.1221 0.1212 0.0036 1.0100 -1.0090 0.1611 -0.0579 -0.0587 -0.0018
12.4983 5.2145 -5.2146 5.4315 0.1233 0.1224 0.0037 0.9826 -0.9819 0.1453 -0.0563 -0.0561 -0.0016
12.5163 5.2321 -5.2321 5.4341 0.1243 0.1234 0.0038 0.9652 -0.9646 0.1371 -0.0530 -0.0537 -0.0015
12.5373 5.2493 -5.2493 5.4364 0.1253 0.1243 0.0039 0.9404 -0.9400 0.1270 -0.0485 -0.0490 -0.0014
12.5583 5.2688 -5.2688 5.4390 0.1264 0.1255 0.0040 0.9117 -0.9115 0.1168 -0.0447 -0.0445 -0.0013
12.5883 5.2985 -5.2985 5.4428 0.1277 0.1268 0.0041 0.8789 -0.8789 0.1064 -0.0390 -0.0391 -0.0011
12.6093 5.3141 -5.3141 5.4446 0.1285 0.1276 0.0042 0.8532 -0.8534 0.0988 -0.0354 -0.0351 -0.0011
12.6303 5.3318 -5.3319 5.4466 0.1291 0.1282 0.0043 0.8273 -0.8277 0.0914 -0.0311 -0.0307 -0.0010
12.6483 5.3466 -5.3466 5.4482 0.1297 0.1288 0.0043 0.8050 -0.8055 0.0851 -0.0265 -0.0261 -0.0009
12.6663 5.3609 -5.3610 5.4497 0.1301 0.1293 0.0044 0.7826 -0.7832 0.0789 -0.0233 -0.0227 -0.0009
12.6843 5.3749 -5.3750 5.4511 0.1305 0.1297 0.0044 0.7563 -0.7572 0.0716 -0.0181 -0.0173 -0.0008
12.7113 5.3951 -5.3952 5.4530 0.1309 0.1301 0.0044 0.7263 -0.7273 0.0634 -0.0135 -0.0126 -0.0007
12.7323 5.4101 -5.4102 5.4543 0.1311 0.1303 0.0044 0.6999 -0.7011 0.0562 -0.0090 -0.0079 -0.0007
12.7563 5.4266 -5.4268 5.4555 0.1313 0.1305 0.0044 0.6697 -0.6711 0.0479 -0.0037 -0.0025 -0.0006
12.7863 5.4482 -5.4484 5.4570 0.1312 0.1305 0.0044 0.6282 -0.6298 0.0367 0.0034 0.0049 -0.0005
12.8103 5.4630 -5.4632 5.4578 0.1310 0.1304 0.0044 0.5943 -0.5960 0.0275 0.0092 0.0108 -0.0005
12.8433 5.4805 -5.4808 5.4585 0.1306 0.1300 0.0043 0.5604 -0.5623 0.0185 0.0155 0.0173 -0.0004
12.8673 5.4953 -5.4956 5.4589 0.1302 0.1296 0.0042 0.5266 -0.5287 0.0097 0.0211 0.0231 -0.0004
12.8913 5.5076 -5.5080 5.4591 0.1296 0.1290 0.0042 0.4967 -0.4989 0.0020 0.0253 0.0274 -0.0003
12.9183 5.5193 -5.5197 5.4591 0.1288 0.1283 0.0040 0.4632 -0.4656 -0.0064 0.0313 0.0336 -0.0003
12.9453 5.5315 -5.5320 5.4588 0.1279 0.1274 0.0039 0.4336 -0.4361 -0.0137 0.0354 0.0378 -0.0003
12.9663 5.5405 -5.5410 5.4585 0.1271 0.1266 0.0038 0.4078 -0.4104 -0.0198 0.0394 0.0419 -0.0003
12.9873 5.5488 -5.5494 5.4580 0.1261 0.1257 0.0037 0.3822 -0.3849 -0.0257 0.0438 0.0464 -0.0002
13.0113 5.5577 -5.5584 5.4574 0.1250 0.1246 0.0035 0.3496 -0.3523 -0.0331 0.0482 0.0509 -0.0002
13.0413 5.5689 -5.5696 5.4562 0.1234 0.1230 0.0033 0.3137 -0.3165 -0.0407 0.0534 0.0562 -0.0002
13.0623 5.5753 -5.5761 5.4553 0.1222 0.1219 0.0032 0.2923 -0.2952 -0.0451 0.0570 0.0598 -0.0002
13.0833 5.5803 -5.5812 5.4544 0.1211 0.1208 0.0030 0.2676 -0.2705 -0.0499 0.0600 0.0629 -0.0002
13.1013 5.5858 -5.5867 5.4533 0.1198 0.1195 0.0029 0.2432 -0.2461 -0.0545 0.0634 0.0663 -0.0002
13.1253 5.5907 -5.5917 5.4522 0.1182 0.1179 0.0027 0.2155 -0.2185 -0.0594 0.0671 0.0701 -0.0002
13.1463 5.5951 -5.5962 5.4509 0.1167 0.1165 0.0025 0.1950 -0.1980 -0.0628 0.0698 0.0728 -0.0002
13.1643 5.5985 -5.5996 5.4498 0.1154 0.1152 0.0023 0.1747 -0.1777 -0.0660 0.0725 0.0755 -0.0002
13.1853 5.6024 -5.6036 5.4481 0.1135 0.1134 0.0021 0.1447 -0.1476 -0.0704 0.0763 0.0794 -0.0002
13.2123 5.6058 -5.6070 5.4464 0.1116 0.1115 0.0019 0.1217 -0.1246 -0.0735 0.0796 0.0826 -0.0002
13.2333 5.6081 -5.6095 5.4449 0.1101 0.1100 0.0017 0.0990 -0.1019 -0.0762 0.0819 0.0850 -0.0002
13.2573 5.6105 -5.6119 5.4428 0.1078 0.1077 0.0015 0.0735 -0.0763 -0.0791 0.0853 0.0884 -0.0002
13.2843 5.6120 -5.6134 5.4408 0.1054 0.1054 0.0012 0.0453 -0.0481 -0.0817 0.0886 0.0915 -0.0002
13.3053 5.6128 -5.6144 5.4389 0.1032 0.1032 0.0010 0.0178 -0.0204 -0.0839 0.0916 0.0946 -0.0002
13.3353 5.6131 -5.6147 5.4366 0.1006 0.1007 0.0007 -0.0092 0.0066 -0.0856 0.0942 0.0971 -0.0002
13.3563 5.6128 -5.6144 5.4345 0.0986 0.0987 0.0005 -0.0268 0.0243 -0.0864 0.0963 0.0991 -0.0002
13.3773 5.6121 -5.6138 5.4330 0.0965 0.0966 0.0003 -0.0469 0.0445 -0.0871 0.0983 0.1011 -0.0002
13.4043 5.6106 -5.6124 5.4306 0.0938 0.0939 0.0000 -0.0722 0.0700 -0.0876 0.1005 0.1032 -0.0002
13.4253 5.6087 -5.6105 5.4285 0.0913 0.0914 -0.0002 -0.0941 0.0920 -0.0877 0.1028 0.1054 -0.0002
13.4493 5.6062 -5.6081 5.4264 0.0887 0.0889 -0.0005 -0.1155 0.1135 -0.0874 0.1047 0.1072 -0.0002
13.4763 5.6032 -5.6052 5.4243 0.0865 0.0867 -0.0007 -0.1362 0.1344 -0.0868 0.1063 0.1087 -0.0002
13.4973 5.6003 -5.6022 5.4225 0.0839 0.0841 -0.0009 -0.1564 0.1547 -0.0859 0.1081 0.1104 -0.0002
13.5213 5.5964 -5.5984 5.4204 0.0812 0.0815 -0.0011 -0.1735 0.1720 -0.0848 0.1094 0.1116 -0.0002
13.5483 5.5909 -5.5929 5.4179 0.0782 0.0785 -0.0014 -0.1972 0.1959 -0.0829 0.1109 0.1130 -0.0002
13.5693 5.5873 -5.5893 5.4164 0.0758 0.0762 -0.0016 -0.2109 0.2098 -0.0816 0.1120 0.1139 -0.0002
13.5963 5.5807 -5.5827 5.4140 0.0727 0.0731 -0.0018 -0.2308 0.2299 -0.0793 0.1132 0.1150 -0.0002
13.6233 5.5749 -5.5770 5.4121 0.0696 0.0700 -0.0020 -0.2499 0.2492 -0.0767 0.1141 0.1158 -0.0002
13.6443 5.5696 -5.5717 5.4105 0.0672 0.0676 -0.0022 -0.2662 0.2657 -0.0741 0.1149 0.1165 -0.0003
13.6683 5.5622 -5.5644 5.4086 0.0641 0.0645 -0.0024 -0.2819 0.2816 -0.0714 0.1156 0.1170 -0.0003
13.6953 5.5553 -5.5575 5.4069 0.0613 0.0617 -0.0026 -0.2969 0.2968 -0.0684 0.1161 0.1174 -0.0003
13.7193 5.5481 -5.5502 5.4053 0.0584 0.0589 -0.0028 -0.3129 0.3131 -0.0649 0.1165 0.1176 -0.0003
13.7463 5.5395 -5.5416 5.4035 0.0553 0.0557 -0.0030 -0.3281 0.3285 -0.0613 0.1167 0.1177 -0.0003
13.7703 5.5316 -5.5337 5.4021 0.0528 0.0533 -0.0031 -0.3394 0.3400 -0.0583 0.1167 0.1176 -0.0003
13.7883 5.5244 -5.5265 5.4009 0.0503 0.0508 -0.0032 -0.3486 0.3494 -0.0557 0.1167 0.1175 -0.0003
13.8093 5.5169 -5.5190 5.3997 0.0479 0.0484 -0.0034 -0.3589 0.3598 -0.0526 0.1166 0.1173 -0.0003
13.8303 5.5104 -5.5125 5.3988 0.0454 0.0459 -0.0035 -0.3701 0.3712 -0.0490 0.1164 0.1170 -0.0003
13.8543 5.5014 -5.5035 5.3977 0.0426 0.0431 -0.0036 -0.3793 0.3806 -0.0457 0.1160 0.1165 -0.0003
13.8813 5.4911 -5.4931 5.3965 0.0395 0.0400 -0.0038 -0.3903 0.3919 -0.0416 0.1155 0.1159 -0.0003
13.9053 5.4804 -5.4824 5.3954 0.0367 0.0372 -0.0039 -0.4006 0.4023 -0.0373 0.1148 0.1150 -0.0003
13.9293 5.4720 -5.4739 5.3946 0.0340 0.0345 -0.0040 -0.4080 0.4099 -0.0341 0.1142 0.1143 -0.0003
13.9533 5.4609 -5.4627 5.3938 0.0309 0.0314 -0.0041 -0.4167 0.4188 -0.0299 0.1131 0.1131 -0.0003
13.9773 5.4508 -5.4526 5.3931 0.0285 0.0290 -0.0042 -0.4229 0.4252 -0.0266 0.1122 0.1121 -0.0003
13.9983 5.4418 -5.4436 5.3926 0.0258 0.0263 -0.0043 -0.4310 0.4335 -0.0220 0.1108 0.1107 -0.0003
14.0313 5.4289 -5.4306 5.3919 0.0225 0.0230 -0.0043 -0.4374 0.4401 -0.0179 0.1094 0.1092 -0.0003
14.0583 5.4170 -5.4186 5.3915 0.0199 0.0204 -0.0044 -0.4424 0.4452 -0.0144 0.1083 0.1079 -0.0003
14.0793 5.4064 -5.4079 5.3912 0.0174 0.0178 -0.0045 -0.4463 0.4493 -0.0114 0.1069 0.1064 -0.0003
14.1033 5.3956 -5.3971 5.3909 0.0148 0.0153 -0.0045 -0.4506 0.4537 -0.0076 0.1053 0.1049 -0.0003
14.1303 5.3848 -5.3862 5.3908 0.0123 0.0127 -0.0046 -0.4538 0.4570 -0.0044 0.1037 0.1032 -0.0003
14.1483 5.3766 -5.3779 5.3907 0.0102 0.0106 -0.0046 -0.4558 0.4591 -0.0020 0.1024 0.1019 -0.0003
14.1723 5.3656 -5.3669 5.3907 0.0077 0.0081 -0.0046 -0.4580 0.4614 0.0010 0.1005 0.0998 -0.0003
14.1933 5.3546 -5.3558 5.3907 0.0056 0.0060 -0.0046 -0.4595 0.4631 0.0039 0.0986 0.0979 -0.0003
14.2203 5.3436 -5.3447 5.3909 0.0030 0.0034 -0.0047 -0.4607 0.4643 0.0070 0.0962 0.0954 -0.0003
14.2503 5.3284 -5.3293 5.3911 0.0002 0.0005 -0.0047 -0.4611 0.4649 0.0103 0.0941 0.0934 -0.0003
14.2773 5.3173 -5.3182 5.3914 -0.0023 -0.0020 -0.0047 -0.4608 0.4647 0.0127 0.0920 0.0912 -0.0003
14.3013 5.3062 -5.3070 5.3917 -0.0042 -0.0039 -0.0047 -0.4601 0.4640 0.0150 0.0899 0.0890 -0.0003
14.3253 5.2952 -5.2959 5.3921 -0.0063 -0.0060 -0.0047 -0.4588 0.4628 0.0171 0.0876 0.0868 -0.0003
14.3433 5.2870 -5.2876 5.3924 -0.0081 -0.0079 -0.0047 -0.4575 0.4615 0.0186 0.0856 0.0848 -0.0002
14.3643 5.2760 -5.2765 5.3929 -0.0099 -0.0097 -0.0047 -0.4554 0.4594 0.0204 0.0833 0.0825 -0.0002
14.3883 5.2665 -5.2669 5.3933 -0.0116 -0.0114 -0.0046 -0.4531 0.4572 0.0219 0.0815 0.0807 -0.0002
14.4063 5.2570 -5.2573 5.3938 -0.0133 -0.0131 -0.0046 -0.4509 0.4550 0.0230 0.0794 0.0786 -0.0002
14.4303 5.2475 -5.2478 5.3943 -0.0152 -0.0150 -0.0046 -0.4471 0.4512 0.0246 0.0767 0.0758 -0.0002
14.4573 5.2355 -5.2356 5.3950 -0.0172 -0.0170 -0.0046 -0.4433 0.4474 0.0258 0.0742 0.0733 -0.0002
14.4783 5.2249 -5.2249 5.3956 -0.0187 -0.0186 -0.0046 -0.4396 0.4437 0.0267 0.0720 0.0711 -0.0002
14.5053 5.2131 -5.2130 5.3963 -0.0206 -0.0205 -0.0045 -0.4338 0.4379 0.0279 0.0691 0.0683 -0.0002
14.5293 5.2027 -5.2025 5.3970 -0.0224 -0.0223 -0.0045 -0.4287 0.4328 0.0286 0.0666 0.0657 -0.0002
14.5503 5.1937 -5.1935 5.3976 -0.0236 -0.0235 -0.0045 -0.4240 0.4281 0.0291 0.0643 0.0635 -0.0002
14.5743 5.1849 -5.1845 5.3982 -0.0249 -0.0248 -0.0044 -0.4190 0.4230 0.0295 0.0620 0.0612 -0.0002
14.5953 5.1749 -5.1744 5.3989 -0.0264 -0.0263 -0.0044 -0.4130 0.4170 0.0298 0.0591 0.0583 -0.0002
14.6223 5.1650 -5.1645 5.3996 -0.0279 -0.0279 -0.0044 -0.4066 0.4105 0.0300 0.0568 0.0560 -0.0002
14.6433 5.1565 -5.1559 5.4003 -0.0291 -0.0290 -0.0043 -0.4008 0.4047 0.0301 0.0545 0.0537 -0.0002
14.6613 5.1493 -5.1487 5.4008 -0.0300 -0.0300 -0.0043 -0.3956 0.3994 0.0300 0.0521 0.0514 -0.0001
14.6883 5.1387 -5.1380 5.4016 -0.0312 -0.0312 -0.0043 -0.3875 0.3913 0.0298 0.0495 0.0488 -0.0001
14.7093 5.1306 -5.1298 5.4023 -0.0322 -0.0323 -0.0042 -0.3810 0.3847 0.0296 0.0472 0.0465 -0.0001
14.7363 5.1193 -5.1184 5.4031 -0.0336 -0.0336 -0.0042 -0.3713 0.3749 0.0291 0.0436 0.0429 -0.0001
14.7633 5.1094 -5.1083 5.4039 -0.0348 -0.0349 -0.0042 -0.3623 0.3658 0.0285 0.0406 0.0400 -0.0001
14.7933 5.0987 -5.0975 5.4048 -0.0360 -0.0361 -0.0041 -0.3509 0.3543 0.0276 0.0374 0.0368 -0.0001
14.8203 5.0903 -5.0890 5.4054 -0.0367 -0.0369 -0.0041 -0.3424 0.3456 0.0269 0.0345 0.0339 -0.0001
14.8443 5.0821 -5.0808 5.4061 -0.0376 -0.0378 -0.0041 -0.3348 0.3379 0.0261 0.0325 0.0320 -0.0001
14.8713 5.0722 -5.0708 5.4068 -0.0385 -0.0386 -0.0040 -0.3236 0.3267 0.0250 0.0290 0.0285 -0.0001
14.8983 5.0645 -5.0630 5.4074 -0.0391 -0.0393 -0.0040 -0.3146 0.3175 0.0241 0.0268 0.0264 -0.0001
14.9193 5.0571 -5.0555 5.4080 -0.0398 -0.0399 -0.0040 -0.3053 0.3081 0.0230 0.0244 0.0239 -0.0001
14.9553 5.0463 -5.0446 5.4088 -0.0406 -0.0408 -0.0040 -0.2924 0.2950 0.0215 0.0207 0.0203 -0.0001
14.9793 5.0394 -5.0377 5.4093 -0.0411 -0.0413 -0.0039 -0.2805 0.2829 0.0201 0.0180 0.0176 -0.0001
15.0153 5.0303 -5.0285 5.4099 -0.0416 -0.0418 -0.0039 -0.2684 0.2707 0.0186 0.0147 0.0144 -0.0001
15.0453 5.0223 -5.0205 5.4105 -0.0420 -0.0422 -0.0039 -0.2562 0.2583 0.0171 0.0121 0.0118 -0.0000
15.0723 5.0148 -5.0129 5.4110 -0.0423 -0.0425 -0.0039 -0.2452 0.2471 0.0157 0.0093 0.0090 -0.0000
15.0933 5.0105 -5.0085 5.4113 -0.0425 -0.0427 -0.0039 -0.2365 0.2383 0.0147 0.0076 0.0073 -0.0000
15.1143 5.0056 -5.0036 5.4116 -0.0426 -0.0428 -0.0039 -0.2278 0.2295 0.0136 0.0057 0.0054 -0.0000
15.1383 5.0002 -4.9981 5.4119 -0.0427 -0.0430 -0.0039 -0.2179 0.2194 0.0123 0.0033 0.0031 -0.0000
15.1623 4.9944 -4.9923 5.4122 -0.0428 -0.0430 -0.0039 -0.2079 0.2093 0.0111 0.0012 0.0010 -0.0000
15.1803 4.9907 -4.9886 5.4124 -0.0428 -0.0430 -0.0039 -0.1991 0.2004 0.0100 -0.0004 -0.0006 -0.0000
15.2103 4.9849 -4.9828 5.4127 -0.0427 -0.0430 -0.0039 -0.1867 0.1877 0.0085 -0.0029 -0.0030 -0.0000
15.2343 4.9805 -4.9784 5.4129 -0.0426 -0.0429 -0.0039 -0.1779 0.1789 0.0075 -0.0049 -0.0050 -0.0000
15.2613 4.9764 -4.9742 5.4130 -0.0425 -0.0427 -0.0039 -0.1668 0.1675 0.0062 -0.0068 -0.0069 -0.0000
15.2883 4.9720 -4.9698 5.4132 -0.0423 -0.0426 -0.0039 -0.1568 0.1575 0.0050 -0.0089 -0.0089 -0.0000
15.3093 4.9683 -4.9661 5.4133 -0.0421 -0.0423 -0.0039 -0.1458 0.1462 0.0038 -0.0109 -0.0109 -0.0000
15.3333 4.9653 -4.9631 5.4134 -0.0418 -0.0421 -0.0039 -0.1360 0.1363 0.0028 -0.0124 -0.0124 -0.0000
15.3573 4.9618 -4.9595 5.4134 -0.0415 -0.0417 -0.0039 -0.1275 0.1276 0.0019 -0.0141 -0.0141 -0.0000
15.3783 4.9592 -4.9569 5.4135 -0.0411 -0.0414 -0.0040 -0.1178 0.1178 0.0009 -0.0155 -0.0155 -0.0000
15.4023 4.9564 -4.9542 5.4135 -0.0408 -0.0411 -0.0040 -0.1082 0.1081 -0.0001 -0.0173 -0.0172 -0.0000
15.4413 4.9525 -4.9502 5.4134 -0.0400 -0.0403 -0.0040 -0.0929 0.0925 -0.0015 -0.0198 -0.0197 -0.0000
15.4653 4.9506 -4.9484 5.4134 -0.0397 -0.0399 -0.0040 -0.0847 0.0842 -0.0022 -0.0209 -0.0207 -0.0000
15.4833 4.9489 -4.9467 5.4134 -0.0392 -0.0395 -0.0040 -0.0766 0.0760 -0.0029 -0.0222 -0.0221 -0.0000
15.5163 4.9465 -4.9443 5.4132 -0.0385 -0.0387 -0.0041 -0.0641 0.0633 -0.0038 -0.0239 -0.0237 -0.0000
15.5433 4.9449 -4.9427 5.4131 -0.0378 -0.0381 -0.0041 -0.0541 0.0531 -0.0046 -0.0253 -0.0251 -0.0000
15.5733 4.9435 -4.9414 5.4130 -0.0370 -0.0373 -0.0041 -0.0443 0.0431 -0.0052 -0.0267 -0.0265 -0.0000
15.5973 4.9425 -4.9404 5.4129 -0.0364 -0.0366 -0.0041 -0.0356 0.0344 -0.0058 -0.0278 -0.0276 -0.0000
15.6183 4.9417 -4.9397 5.4127 -0.0358 -0.0360 -0.0042 -0.0272 0.0258 -0.0062 -0.0289 -0.0287 -0.0000
15.6423 4.9412 -4.9392 5.4126 -0.0351 -0.0353 -0.0042 -0.0189 0.0174 -0.0067 -0.0299 -0.0297 -0.0000
15.6663 4.9408 -4.9388 5.4124 -0.0344 -0.0346 -0.0042 -0.0118 0.0101 -0.0070 -0.0308 -0.0305 -0.0000
15.6873 4.9406 -4.9387 5.4123 -0.0337 -0.0339 -0.0042 -0.0048 0.0030 -0.0073 -0.0317 -0.0314 -0.0000
15.7143 4.9406 -4.9387 5.4121 -0.0329 -0.0331 -0.0043 0.0050 -0.0069 -0.0076 -0.0327 -0.0324 -0.0000
15.7383 4.9408 -4.9389 5.4119 -0.0322 -0.0324 -0.0043 0.0117 -0.0136 -0.0078 -0.0334 -0.0331 -0.0000
15.7593 4.9411 -4.9393 5.4117 -0.0314 -0.0316 -0.0043 0.0191 -0.0212 -0.0080 -0.0342 -0.0338 -0.0000
15.7833 4.9416 -4.9398 5.4115 -0.0306 -0.0307 -0.0043 0.0255 -0.0277 -0.0081 -0.0349 -0.0345 -0.0000
15.8073 4.9422 -4.9405 5.4113 -0.0298 -0.0300 -0.0044 0.0317 -0.0340 -0.0082 -0.0354 -0.0351 -0.0000
15.8313 4.9431 -4.9414 5.4111 -0.0289 -0.0290 -0.0044 0.0395 -0.0419 -0.0083 -0.0361 -0.0357 -0.0000
15.8583 4.9444 -4.9428 5.4109 -0.0278 -0.0279 -0.0044 0.0486 -0.0511 -0.0083 -0.0368 -0.0364 -0.0000
15.8883 4.9457 -4.9442 5.4107 -0.0269 -0.0271 -0.0045 0.0550 -0.0576 -0.0082 -0.0373 -0.0368 -0.0000
15.9063 4.9468 -4.9453 5.4105 -0.0262 -0.0263 -0.0045 0.0597 -0.0624 -0.0082 -0.0376 -0.0371 -0.0000
15.9273 4.9480 -4.9466 5.4104 -0.0254 -0.0255 -0.0045 0.0650 -0.0678 -0.0081 -0.0379 -0.0375 -0.0000
15.9483 4.9495 -4.9481 5.4102 -0.0246 -0.0247 -0.0045 0.0702 -0.0730 -0.0080 -0.0383 -0.0378 -0.0000
15.9723 4.9514 -4.9501 5.4100 -0.0236 -0.0236 -0.0045 0.0766 -0.0794 -0.0078 -0.0385 -0.0381 -0.0000
15.9933 4.9531 -4.9518 5.4098 -0.0228 -0.0228 -0.0046 0.0820 -0.0850 -0.0076 -0.0388 -0.0383 -0.0000
16.0203 4.9551 -4.9539 5.4096 -0.0218 -0.0219 -0.0046 0.0866 -0.0896 -0.0074 -0.0389 -0.0385 -0.0000
16.0473 4.9575 -4.9564 5.4094 -0.0208 -0.0208 -0.0046 0.0929 -0.0960 -0.0071 -0.0391 -0.0386 -0.0000
16.0743 4.9600 -4.9590 5.4092 -0.0199 -0.0199 -0.0046 0.0976 -0.1008 -0.0068 -0.0392 -0.0387 -0.0000
16.0983 4.9624 -4.9615 5.4091 -0.0189 -0.0190 -0.0046 0.1022 -0.1054 -0.0065 -0.0393 -0.0388 -0.0000
16.1193 4.9646 -4.9637 5.4089 -0.0180 -0.0180 -0.0047 0.1065 -0.1098 -0.0062 -0.0392 -0.0387 -0.0000
16.1433 4.9675 -4.9667 5.4088 -0.0171 -0.0171 -0.0047 0.1101 -0.1134 -0.0059 -0.0392 -0.0387 -0.0000
16.1643 4.9695 -4.9688 5.4087 -0.0163 -0.0163 -0.0047 0.1141 -0.1174 -0.0056 -0.0391 -0.0386 -0.0000
16.1853 4.9722 -4.9716 5.4085 -0.0153 -0.0153 -0.0047 0.1173 -0.1206 -0.0053 -0.0390 -0.0385 -0.0000
16.2153 4.9758 -4.9753 5.4084 -0.0143 -0.0143 -0.0047 0.1217 -0.1250 -0.0048 -0.0388 -0.0383 -0.0000
16.2483 4.9795 -4.9791 5.4083 -0.0131 -0.0130 -0.0047 0.1261 -0.1295 -0.0043 -0.0385 -0.0380 -0.0000
16.2723 4.9826 -4.9822 5.4082 -0.0121 -0.0121 -0.0048 0.1287 -0.1321 -0.0040 -0.0382 -0.0377 -0.0000
16.2963 4.9861 -4.9858 5.4081 -0.0112 -0.0112 -0.0048 0.1315 -0.1348 -0.0036 -0.0379 -0.0374 -0.0000
16.3203 4.9893 -4.9891 5.4080 -0.0103 -0.0102 -0.0048 0.1343 -0.1377 -0.0032 -0.0375 -0.0370 -0.0000
16.3503 4.9929 -4.9928 5.4079 -0.0092 -0.0091 -0.0048 0.1372 -0.1406 -0.0027 -0.0371 -0.0366 -0.0000
16.3773 4.9966 -4.9967 5.4078 -0.0084 -0.0082 -0.0048 0.1392 -0.1426 -0.0023 -0.0367 -0.0362 -0.0000
16.4013 5.0004 -5.0005 5.4078 -0.0073 -0.0071 -0.0048 0.1413 -0.1447 -0.0019 -0.0361 -0.0356 -0.0000
16.4314 5.0047 -5.0049 5.4077 -0.0063 -0.0062 -0.0048 0.1433 -0.1467 -0.0015 -0.0355 -0.0351 -0.0000
16.4614 5.0090 -5.0093 5.4077 -0.0053 -0.0051 -0.0048 0.1450 -0.1483 -0.0010 -0.0349 -0.0344 -0.0000
16.4854 5.0125 -5.0129 5.4076 -0.0045 -0.0043 -0.0048 0.1462 -0.1494 -0.0007 -0.0343 -0.0339 -0.0000
16.5124 5.0160 -5.0165 5.4076 -0.0036 -0.0034 -0.0048 0.1472 -0.1505 -0.0003 -0.0336 -0.0332 -0.0000
16.5394 5.0200 -5.0205 5.4076 -0.0028 -0.0026 -0.0048 0.1480 -0.1512 -0.0000 -0.0330 -0.0326 -0.0000
16.5574 5.0231 -5.0237 5.4076 -0.0021 -0.0019 -0.0048 0.1484 -0.1516 0.0002 -0.0325 -0.0321 -0.0000
16.5814 5.0267 -5.0274 5.4076 -0.0013 -0.0011 -0.0048 0.1488 -0.1520 0.0005 -0.0317 -0.0313 -0.0000
16.6114 5.0307 -5.0315 5.4077 -0.0005 -0.0003 -0.0048 0.1491 -0.1521 0.0008 -0.0310 -0.0307 -0.0000
16.6294 5.0338 -5.0347 5.4077 0.0003 0.0005 -0.0048 0.1491 -0.1521 0.0010 -0.0303 -0.0300 -0.0000
16.6594 5.0378 -5.0388 5.4077 0.0010 0.0012 -0.0048 0.1489 -0.1519 0.0013 -0.0296 -0.0293 -0.0000
16.6834 5.0414 -5.0424 5.4077 0.0017 0.0020 -0.0048 0.1486 -0.1515 0.0015 -0.0288 -0.0285 -0.0000
16.7044 5.0445 -5.0456 5.4078 0.0023 0.0026 -0.0048 0.1482 -0.1511 0.0017 -0.0281 -0.0278 -0.0000
16.7344 5.0494 -5.0506 5.4078 0.0032 0.0035 -0.0048 0.1474 -0.1501 0.0020 -0.0271 -0.0269 -0.0000
16.7614 5.0534 -5.0546 5.4079 0.0039 0.0042 -0.0048 0.1464 -0.1491 0.0022 -0.0262 -0.0260 -0.0000
16.7884 5.0573 -5.0586 5.4079 0.0046 0.0049 -0.0048 0.1453 -0.1479 0.0023 -0.0252 -0.0250 -0.0000
16.8124 5.0604 -5.0617 5.4080 0.0052 0.0055 -0.0048 0.1443 -0.1468 0.0025 -0.0246 -0.0244 -0.0000
16.8424 5.0647 -5.0661 5.4081 0.0059 0.0062 -0.0048 0.1427 -0.1451 0.0026 -0.0235 -0.0233 -0.0000
16.8754 5.0694 -5.0709 5.4082 0.0066 0.0069 -0.0048 0.1405 -0.1428 0.0027 -0.0223 -0.0222 -0.0000
16.9024 5.0736 -5.0751 5.4082 0.0072 0.0075 -0.0048 0.1389 -0.1411 0.0028 -0.0214 -0.0212 -0.0000
16.9264 5.0769 -5.0785 5.4083 0.0078 0.0081 -0.0048 0.1367 -0.1388 0.0029 -0.0204 -0.0203 -0.0000
16.9564 5.0810 -5.0826 5.4084 0.0084 0.0087 -0.0048 0.1343 -0.1363 0.0029 -0.0193 -0.0192 -0.0000
16.9894 5.0850 -5.0867 5.4085 0.0089 0.0093 -0.0048 0.1318 -0.1336 0.0029 -0.0182 -0.0181 -0.0000
17.0164 5.0889 -5.0907 5.4086 0.0094 0.0097 -0.0048 0.1296 -0.1314 0.0029 -0.0173 -0.0172 -0.0000
17.0404 5.0916 -5.0934 5.4086 0.0098 0.0101 -0.0048 0.1274 -0.1291 0.0029 -0.0164 -0.0164 -0.0000
17.0644 5.0946 -5.0965 5.4087 0.0102 0.0105 -0.0048 0.1247 -0.1263 0.0029 -0.0156 -0.0155 -0.0000
17.0884 5.0980 -5.0999 5.4088 0.0106 0.0109 -0.0048 0.1223 -0.1238 0.0029 -0.0146 -0.0146 -0.0000
17.1244 5.1020 -5.1039 5.4089 0.0111 0.0114 -0.0048 0.1185 -0.1198 0.0028 -0.0134 -0.0134 -0.0000
17.1514 5.1055 -5.1075 5.4090 0.0114 0.0118 -0.0048 0.1159 -0.1171 0.0027 -0.0125 -0.0125 -0.0000
17.1754 5.1079 -5.1099 5.4090 0.0117 0.0120 -0.0048 0.1131 -0.1143 0.0027 -0.0117 -0.0118 -0.0000
17.1964 5.1103 -5.1123 5.4091 0.0120 0.0123 -0.0048 0.1107 -0.1117 0.0026 -0.0109 -0.0109 -0.0000
17.2174 5.1129 -5.1150 5.4091 0.0122 0.0125 -0.0048 0.1079 -0.1088 0.0025 -0.0101 -0.0102 -0.0000
17.2384 5.1151 -5.1172 5.4092 0.0124 0.0128 -0.0048 0.1054 -0.1062 0.0024 -0.0094 -0.0095 -0.0000
17.2624 5.1176 -5.1197 5.4092 0.0126 0.0129 -0.0048 0.1028 -0.1035 0.0023 -0.0086 -0.0087 -0.0000
17.2894 5.1204 -5.1225 5.4093 0.0129 0.0132 -0.0048 0.0991 -0.0997 0.0022 -0.0077 -0.0078 -0.0000
17.3194 5.1233 -5.1254 5.4094 0.0131 0.0134 -0.0048 0.0953 -0.0958 0.0021 -0.0067 -0.0068 -0.0000
17.3434 5.1253 -5.1274 5.4094 0.0132 0.0135 -0.0048 0.0926 -0.0930 0.0019 -0.0060 -0.0061 -0.0000
17.3644 5.1275 -5.1296 5.4094 0.0133 0.0136 -0.0048 0.0899 -0.0903 -0.0336 0.0114 0.0073 -0.0000
17.3944 5.1299 -5.1321 5.4072 0.0127 0.0129 -0.0048 0.0879 -0.0882 -0.1441 0.0216 0.0220 -0.0000
17.4244 5.1325 -5.1347 5.4019 0.0123 0.0125 -0.0048 0.0852 -0.0854 -0.2178 0.0153 0.0128 -0.0000
17.4514 5.1350 -5.1372 5.3949 0.0119 0.0119 -0.0048 0.0824 -0.0826 -0.2535 0.0189 0.0173 -0.0000
17.4784 5.1370 -5.1391 5.3886 0.0114 0.0115 -0.0048 0.0796 -0.0797 -0.2727 0.0143 0.0145 -0.0000
17.5054 5.1393 -5.1415 5.3802 0.0110 0.0111 -0.0048 0.0764 -0.0764 -0.2833 0.0165 0.0149 -0.0000
17.5384 5.1416 -5.1437 5.3717 0.0106 0.0106 -0.0048 0.0730 -0.0730 -0.2879 0.0143 0.0141 -0.0000
17.5714 5.1441 -5.1463 5.3613 0.0101 0.0101 -0.0048 0.0696 -0.0696 -0.2887 0.0144 0.0137 -0.0000
17.6014 5.1462 -5.1484 5.3526 0.0097 0.0097 -0.0048 0.0667 -0.0667 -0.2878 0.0135 0.0132 -0.0000
17.6314 5.1480 -5.1502 5.3449 0.0093 0.0093 -0.0048 0.0639 -0.0639 -0.2861 0.0131 0.0127 -0.0000
17.6644 5.1502 -5.1524 5.3346 0.0088 0.0088 -0.0048 0.0610 -0.0609 -0.2837 0.0125 0.0122 -0.0000
17.6914 5.1517 -5.1539 5.3278 0.0086 0.0085 -0.0048 0.0589 -0.0588 -0.2819 0.0121 0.0119 -0.0000
17.7154 5.1531 -5.1552 5.3211 0.0083 0.0083 -0.0048 0.0569 -0.0568 -0.2800 0.0117 0.0115 -0.0000
17.7484 5.1551 -5.1572 5.3110 0.0079 0.0078 -0.0048 0.0541 -0.0539 -0.2772 0.0111 0.0110 -0.0000
17.7844 5.1570 -5.1591 5.3011 0.0075 0.0074 -0.0048 0.0511 -0.0510 -0.2742 0.0105 0.0104 -0.0000
17.8174 5.1587 -5.1608 5.2921 0.0071 0.0071 -0.0048 0.0487 -0.0486 -0.2718 0.0100 0.0100 -0.0000
17.8504 5.1602 -5.1624 5.2831 0.0068 0.0068 -0.0048 0.0467 -0.0465 -0.2696 0.0097 0.0096 -0.0000
17.8774 5.1613 -5.1635 5.2767 0.0066 0.0065 -0.0048 0.0451 -0.0449 -0.2679 0.0093 0.0093 -0.0000
17.9014 5.1624 -5.1646 5.2702 0.0064 0.0063 -0.0048 0.0436 -0.0434 -0.2663 0.0090 0.0090 -0.0000
17.9254 5.1636 -5.1657 5.2631 0.0061 0.0061 -0.0048 0.0419 -0.0417 -0.2645 0.0087 0.0087 -0.0000
17.9554 5.1647 -5.1668 5.2559 0.0059 0.0058 -0.0048 0.0403 -0.0401 -0.2627 0.0083 0.0084 -0.0000
17.9884 5.1661 -5.1682 5.2465 0.0056 0.0056 -0.0048 0.0384 -0.0383 -0.2606 0.0080 0.0080 -0.0000
18.0184 5.1671 -5.1692 5.2395 0.0054 0.0053 -0.0048 0.0368 -0.0366 -0.2588 0.0076 0.0077 -0.0000
18.0424 5.1681 -5.1702 5.2325 0.0052 0.0052 -0.0048 0.0354 -0.0352 -0.2572 0.0074 0.0074 -0.0000
18.0724 5.1690 -5.1712 5.2256 0.0050 0.0049 -0.0048 0.0339 -0.0337 -0.2554 0.0071 0.0071 -0.0000
18.0994 5.1699 -5.1721 5.2187 0.0048 0.0048 -0.0048 0.0327 -0.0326 -0.2541 0.0068 0.0069 -0.0000
18.1204 5.1707 -5.1728 5.2126 0.0046 0.0046 -0.0048 0.0315 -0.0313 -0.2526 0.0066 0.0066 -0.0000
18.1504 5.1717 -5.1738 5.2051 0.0045 0.0044 -0.0048 0.0302 -0.0301 -0.2512 0.0063 0.0063 -0.0000
18.1894 5.1727 -5.1748 5.1961 0.0042 0.0042 -0.0048 0.0286 -0.0284 -0.2492 0.0060 0.0060 -0.0000
18.2224 5.1737 -5.1758 5.1871 0.0040 0.0040 -0.0048 0.0272 -0.0271 -0.2476 0.0057 0.0057 -0.0000
18.2524 5.1745 -5.1766 5.1797 0.0039 0.0038 -0.0048 0.0261 -0.0260 -0.2461 0.0055 0.0055 -0.0000
18.2794 5.1752 -5.1773 5.1731 0.0037 0.0037 -0.0048 0.0252 -0.0251 -0.2450 0.0053 0.0053 -0.0000
18.3064 5.1759 -5.1780 5.1665 0.0036 0.0035 -0.0048 0.0241 -0.0240 -0.2437 0.0051 0.0051 -0.0000
18.3394 5.1767 -5.1788 5.1585 0.0034 0.0033 -0.0048 0.0230 -0.0229 -0.2422 0.0048 0.0049 -0.0000
18.3694 5.1773 -5.1794 5.1512 0.0033 0.0032 -0.0048 0.0220 -0.0219 -0.2410 0.0046 0.0047 -0.0000
18.3994 5.1779 -5.1800 5.1447 0.0031 0.0031 -0.0048 0.0212 -0.0211 -0.2399 0.0044 0.0045 -0.0000
18.4264 5.1786 -5.1806 5.1375 0.0030 0.0030 -0.0048 0.0202 -0.0201 -0.2386 0.0042 0.0043 -0.0000
18.4564 5.1792 -5.1812 5.1304 0.0029 0.0028 -0.0048 0.0194 -0.0193 -0.2375 0.0041 0.0041 -0.0000
18.4834 5.1797 -5.1817 5.1240 0.0028 0.0027 -0.0048 0.0187 -0.0186 -0.2365 0.0039 0.0040 -0.0000
18.5134 5.1802 -5.1822 5.1176 0.0026 0.0026 -0.0048 0.0179 -0.0178 -0.2355 0.0038 0.0038 -0.0000
18.5434 5.1807 -5.1828 5.1098 0.0025 0.0025 -0.0048 0.0172 -0.0171 -0.2345 0.0036 0.0037 -0.0000
18.5704 5.1812 -5.1833 5.1035 0.0024 0.0024 -0.0048 0.0164 -0.0163 -0.2334 0.0034 0.0035 -0.0000
18.6094 5.1818 -5.1838 5.0951 0.0023 0.0023 -0.0048 0.0155 -0.0154 -0.2322 0.0033 0.0033 -0.0000
18.6364 5.1822 -5.1843 5.0882 0.0022 0.0022 -0.0048 0.0150 -0.0149 -0.2315 0.0032 0.0032 -0.0000
18.6634 5.1826 -5.1846 5.0826 0.0021 0.0021 -0.0048 0.0144 -0.0143 -0.2306 0.0030 0.0031 -0.0000
18.6964 5.1831 -5.1851 5.0743 0.0020 0.0020 -0.0048 0.0137 -0.0137 -0.2297 0.0029 0.0029 -0.0000
18.7234 5.1835 -5.1855 5.0681 0.0019 0.0019 -0.0048 0.0131 -0.0130 -0.2287 0.0028 0.0028 -0.0000
18.7594 5.1839 -5.1859 5.0606 0.0019 0.0018 -0.0048 0.0125 -0.0125 -0.2279 0.0026 0.0027 -0.0000
18.7864 5.1842 -5.1863 5.0545 0.0018 0.0018 -0.0048 0.0120 -0.0119 -0.2271 0.0025 0.0026 -0.0000
18.8254 5.1847 -5.1868 5.0449 0.0017 0.0017 -0.0048 0.0113 -0.0113 -0.2261 0.0024 0.0024 -0.0000
18.8524 5.1850 -5.1870 5.0395 0.0016 0.0016 -0.0048 0.0109 -0.0108 -0.2254 0.0023 0.0023 -0.0000
18.8854 5.1854 -5.1874 5.0314 0.0015 0.0015 -0.0048 0.0104 -0.0103 -0.2246 0.0022 0.0022 -0.0000
18.9154 5.1857 -5.1877 5.0247 0.0015 0.0015 -0.0048 0.0099 -0.0099 -0.2239 0.0021 0.0021 -0.0000
18.9544 5.1860 -5.1881 5.0166 0.0014 0.0014 -0.0048 0.0094 -0.0093 -0.2230 0.0020 0.0020 -0.0000
18.9874 5.1864 -5.1884 5.0086 0.0013 0.0013 -0.0048 0.0090 -0.0089 -0.2223 0.0019 0.0019 -0.0000
19.0174 5.1866 -5.1887 5.0020 0.0013 0.0013 -0.0048 0.0085 -0.0085 -0.2216 0.0018 0.0018 -0.0000
19.0504 5.1869 -5.1889 4.9953 0.0012 0.0012 -0.0048 0.0082 -0.0081 -0.2210 0.0017 0.0018 -0.0000
19.0804 5.1871 -5.1891 4.9887 0.0012 0.0011 -0.0048 0.0079 -0.0078 -0.2205 0.0017 0.0017 -0.0000
19.1104 5.1874 -5.1894 4.9814 0.0011 0.0011 -0.0048 0.0075 -0.0074 -0.2199 0.0016 0.0016 -0.0000
19.1404 5.1876 -5.1896 4.9755 0.0011 0.0011 -0.0049 0.0072 -0.0072 -0.2194 0.0015 0.0016 -0.0000
19.1644 5.1877 -5.1898 4.9702 0.0010 0.0010 -0.0049 0.0070 -0.0069 -0.2190 0.0015 0.0015 -0.0000
19.2034 5.1880 -5.1900 4.9617 0.0010 0.0010 -0.0049 0.0065 -0.0065 -0.2183 0.0014 0.0014 -0.0000
19.2394 5.1882 -5.1903 4.9538 0.0009 0.0009 -0.0049 0.0062 -0.0062 -0.2177 0.0013 0.0013 -0.0000
19.2694 5.1884 -5.1904 4.9473 0.0009 0.0009 -0.0049 0.0060 -0.0059 -0.2172 0.0013 0.0013 -0.0000
19.2964 5.1886 -5.1906 4.9408 0.0008 0.0008 -0.0049 0.0057 -0.0057 -0.2168 0.0012 0.0012 -0.0000
19.3294 5.1888 -5.1908 4.9337 0.0008 0.0008 -0.0049 0.0054 -0.0054 -0.2163 0.0012 0.0012 -0.0000
19.3564 5.1889 -5.1909 4.9278 0.0008 0.0008 -0.0049 0.0052 -0.0052 -0.2159 0.0011 0.0011 -0.0000
19.3894 5.1891 -5.1911 4.9207 0.0007 0.0007 -0.0049 0.0050 -0.0049 -0.2154 0.0011 0.0011 -0.0000
19.4254 5.1893 -5.1913 4.9136 0.0007 0.0007 -0.0049 0.0047 -0.0047 -0.2150 0.0010 0.0010 -0.0000
19.4584 5.1894 -5.1914 4.9065 0.0007 0.0007 -0.0049 0.0045 -0.0045 -0.2145 0.0010 0.0010 -0.0000
19.4884 5.1896 -5.1916 4.9001 0.0006 0.0006 -0.0049 0.0043 -0.0043 -0.2142 0.0009 0.0009 -0.0000
19.5214 5.1897 -5.1917 4.8930 0.0006 0.0006 -0.0049 0.0041 -0.0041 -0.2138 0.0009 0.0009 -0.0000
19.5514 5.1898 -5.1918 4.8860 0.0006 0.0006 -0.0049 0.0039 -0.0039 -0.2134 0.0008 0.0008 -0.0000
19.5844 5.1899 -5.1919 4.8796 0.0006 0.0006 -0.0049 0.0038 -0.0037 -0.2131 0.0008 0.0008 -0.0000
19.6144 5.1901 -5.1921 4.8725 0.0005 0.0005 -0.0049 0.0036 -0.0036 -0.2127 0.0008 0.0008 -0.0000
19.6444 5.1902 -5.1922 4.8662 0.0005 0.0005 -0.0049 0.0034 -0.0034 -0.2124 0.0007 0.0007 -0.0000
19.6804 5.1903 -5.1923 4.8592 0.0005 0.0005 -0.0049 0.0033 -0.0033 -0.2121 0.0007 0.0007 -0.0000
19.7074 5.1904 -5.1924 4.8534 0.0005 0.0005 -0.0049 0.0031 -0.0031 -0.2118 0.0007 0.0007 -0.0000
19.7434 5.1905 -5.1925 4.8452 0.0004 0.0004 -0.0049 0.0030 -0.0030 -0.2114 0.0006 0.0006 -0.0000
19.7704 5.1906 -5.1926 4.8395 0.0004 0.0004 -0.0049 0.0029 -0.0028 -0.2112 0.0006 0.0006 -0.0000
19.8004 5.1906 -5.1926 4.8338 0.0004 0.0004 -0.0049 0.0028 -0.0027 -0.2110 0.0006 0.0006 -0.0000
19.8304 5.1907 -5.1927 4.8268 0.0004 0.0004 -0.0049 0.0026 -0.0026 -0.2106 0.0006 0.0006 -0.0000
19.8634 5.1908 -5.1928 4.8199 0.0004 0.0004 -0.0049 0.0025 -0.0025 -0.2104 0.0005 0.0005 -0.0000
19.8994 5.1909 -5.1929 4.8123 0.0004 0.0003 -0.0049 0.0024 -0.0024 -0.2101 0.0005 0.0005 -0.0000
19.9384 5.1910 -5.1930 4.8041 0.0003 0.0003 -0.0049 0.0022 -0.0022 -0.2098 0.0005 0.0005 -0.0000
19.9654 5.1911 -5.1930 4.7984 0.0003 0.0003 -0.0049 0.0022 -0.0021 -0.2096 0.0005 0.0005 -0.0000
19.9894 5.1911 -5.1931 4.7940 0.0003 0.0003 -0.0049 0.0021 -0.0021 -0.2094 0.0004 0.0004 -0.0000
