0.0030 0.0000 0.0000 0.1465 0.0000 0.0000 0.0000 0.0000 0.0000 0.0000 0.0000 0.0000 0.0000
0.0240 0.0000 0.0000 0.1465 0.0000 0.0000 0.0000 0.0000 0.0000 0.0000 0.0000 0.0000 0.0000
0.0390 0.0000 0.0000 0.1465 0.0000 0.0000 0.0000 0.0000 0.0000 0.0000 0.0000 0.0000 0.0000
0.0540 0.0000 0.0000 0.1465 0.0000 0.0000 0.0000 0.0000 0.0000 0.0000 0.0000 0.0000 0.0000
0.0690 0.0000 0.0000 0.1465 0.0000 0.0000 0.0000 0.0000 0.0000 0.0000 0.0000 0.0000 0.0000
0.0840 0.0000 0.0000 0.1465 0.0000 0.0000 0.0000 0.0000 0.0000 0.0000 0.0000 0.0000 0.0000
0.0960 0.0000 0.0000 0.1465 0.0000 0.0000 0.0000 0.0000 0.0000 0.0000 0.0000 0.0000 0.0000
0.1110 0.0000 0.0000 0.1465 0.0000 0.0000 0.0000 0.0000 0.0000 0.0000 0.0000 0.0000 0.0000
0.1230 0.0000 0.0000 0.1465 0.0000 0.0000 0.0000 0.0000 0.0000 0.0000 0.0000 0.0000 0.0000
0.1410 0.0000 0.0000 0.1465 0.0000 0.0000 0.0000 0.0000 0.0000 0.0000 0.0000 0.0000 0.0000
0.1560 0.0000 0.0000 0.1465 0.0000 0.0000 0.0000 0.0000 0.0000 0.0000 0.0000 0.0000 0.0000
0.1740 0.0000 0.0000 0.1465 0.0000 0.0000 0.0000 0.0000 0.0000 0.0000 0.0000 0.0000 0.0000
0.1890 0.0000 0.0000 0.1465 0.0000 0.0000 0.0000 0.0000 0.0000 0.0000 0.0000 0.0000 0.0000
0.2070 0.0000 0.0000 0.1465 0.0000 0.0000 0.0000 0.0000 0.0000 0.0000 0.0000 0.0000 0.0000
0.2190 0.0000 0.0000 0.1465 0.0000 0.0000 0.0000 0.0000 0.0000 0.0000 0.0000 0.0000 0.0000
0.2340 0.0000 0.0000 0.1465 0.0000 0.0000 0.0000 0.0000 0.0000 0.0000 0.0000 0.0000 0.0000
0.2520 0.0000 0.0000 0.1465 0.0000 0.0000 0.0000 0.0000 0.0000 0.0000 0.0000 0.0000 0.0000
0.2820 0.0000 0.0000 0.1465 0.0000 0.0000 0.0000 0.0000 0.0000 0.0000 0.0000 0.0000 0.0000
0.2970 0.0000 0.0000 0.1465 0.0000 0.0000 0.0000 0.0000 0.0000 0.0000 0.0000 0.0000 0.0000
0.3090 0.0000 0.0000 0.1465 0.0000 0.0000 0.0000 0.0000 0.0000 0.0000 0.0000 0.0000 0.0000
0.3270 0.0000 0.0000 0.1465 0.0000 0.0000 0.0000 0.0000 0.0000 0.0000 0.0000 0.0000 0.0000
0.3420 0.0000 0.0000 0.1465 0.0000 0.0000 0.0000 0.0000 0.0000 0.0000 0.0000 0.0000 0.0000
0.3540 0.0000 0.0000 0.1465 0.0000 0.0000 0.0000 0.0000 0.0000 0.0000 0.0000 0.0000 0.0000
0.3720 0.0000 0.0000 0.1465 0.0000 0.0000 0.0000 0.0000 0.0000 0.0000 0.0000 0.0000 0.0000
0.3870 0.0000 0.0000 0.1465 0.0000 0.0000 0.0000 0.0000 0.0000 0.0000 0.0000 0.0000 0.0000
0.4020 0.0000 0.0000 0.1465 0.0000 0.0000 0.0000 0.0000 0.0000 0.0000 0.0000 0.0000 0.0000
0.4140 0.0000 0.0000 0.1465 0.0000 0.0000 0.0000 0.0000 0.0000 0.0000 0.0000 0.0000 0.0000
0.4230 0.0000 0.0000 0.1465 0.0000 0.0000 0.0000 0.0000 0.0000 0.0000 0.0000 0.0000 0.0000
0.4350 0.0000 0.0000 0.1465 0.0000 0.0000 0.0000 0.0000 0.0000 0.0000 0.0000 0.0000 0.0000
0.4470 0.0000 0.0000 0.1465 0.0000 0.0000 0.0000 0.0000 0.0000 0.0000 0.0000 0.0000 0.0000
0.4560 0.0000 0.0000 0.1465 0.0000 0.0000 0.0000 0.0000 0.0000 0.0000 0.0000 0.0000 0.0000
0.4680 0.0000 0.0000 0.1465 0.0000 0.0000 0.0000 0.0000 0.0000 0.0000 0.0000 0.0000 0.0000
0.4770 0.0000 0.0000 0.1465 0.0000 0.0000 0.0000 0.0000 0.0000 0.0000 0.0000 0.0000 0.0000
0.4890 0.0000 0.0000 0.1465 0.0000 0.0000 0.0000 0.0000 0.0000 0.0000 0.0000 0.0000 0.0000
0.4980 0.0000 0.0000 0.1465 0.0000 0.0000 0.0000 0.0000 0.0000 0.0000 0.0000 0.0000 0.0000
0.5100 0.0000 0.0000 0.1465 0.0000 0.0000 0.0000 0.0000 0.0000 0.0000 0.0000 0.0000 0.0000
0.5190 0.0000 0.0000 0.1465 0.0000 0.0000 0.0000 0.0000 0.0000 0.0000 0.0000 0.0000 0.0000
0.5340 0.0000 0.0000 0.1465 0.0000 0.0000 0.0000 0.0000 0.0000 0.0000 0.0000 0.0000 0.0000
0.5490 0.0000 0.0000 0.1465 0.0000 0.0000 0.0000 0.0000 0.0000 0.0000 0.0000 0.0000 0.0000
0.5640 0.0000 0.0000 0.1465 0.0000 0.0000 0.0000 0.0000 0.0000 0.0000 0.0000 0.0000 0.0000
0.5790 0.0000 0.0000 0.1465 0.0000 0.0000 0.0000 0.0000 0.0000 0.0000 0.0000 0.0000 0.0000
0.5910 0.0000 0.0000 0.1465 0.0000 0.0000 0.0000 0.0000 0.0000 0.0000 0.0000 0.0000 0.0000
0.6090 0.0000 0.0000 0.1465 0.0000 0.0000 0.0000 0.0000 0.0000 0.0000 0.0000 0.0000 0.0000
0.6210 0.0000 0.0000 0.1465 0.0000 0.0000 0.0000 0.0000 0.0000 0.0000 0.0000 0.0000 0.0000
0.6360 0.0000 0.0000 0.1465 0.0000 0.0000 0.0000 0.0000 0.0000 0.0000 0.0000 0.0000 0.0000
0.6480 0.0000 0.0000 0.1465 0.0000 0.0000 0.0000 0.0000 0.0000 0.0000 0.0000 0.0000 0.0000
0.6630 0.0000 0.0000 0.1465 0.0000 0.0000 0.0000 0.0000 0.0000 0.0000 0.0000 0.0000 0.0000
0.6780 0.0000 0.0000 0.1465 0.0000 0.0000 0.0000 0.0000 0.0000 0.0000 0.0000 0.0000 0.0000
0.6900 0.0000 0.0000 0.1465 0.0000 0.0000 0.0000 0.0000 0.0000 0.0000 0.0000 0.0000 0.0000
0.7080 0.0000 0.0000 0.1465 0.0000 0.0000 0.0000 0.0000 0.0000 0.0000 0.0000 0.0000 0.0000
0.7170 0.0000 0.0000 0.1465 0.0000 0.0000 0.0000 0.0000 0.0000 0.0000 0.0000 0.0000 0.0000
0.7260 0.0000 0.0000 0.1465 0.0000 0.0000 0.0000 0.0000 0.0000 0.0000 0.0000 0.0000 0.0000
0.7380 0.0000 0.0000 0.1465 0.0000 0.0000 0.0000 0.0000 0.0000 0.0000 0.0000 0.0000 0.0000
0.7500 0.0000 0.0000 0.1465 0.0000 0.0000 0.0000 0.0000 0.0000 0.0000 0.0000 0.0000 0.0000
0.7590 0.0000 0.0000 0.1465 0.0000 0.0000 0.0000 0.0000 0.0000 0.0000 0.0000 0.0000 0.0000
0.7710 0.0000 0.0000 0.1465 0.0000 0.0000 0.0000 0.0000 0.0000 0.0000 0.0000 0.0000 0.0000
0.7830 0.0000 0.0000 0.1465 0.0000 0.0000 0.0000 0.0000 0.0000 0.0000 0.0000 0.0000 0.0000
0.7980 0.0000 0.0000 0.1465 0.0000 0.0000 0.0000 0.0000 0.0000 0.0000 0.0000 0.0000 0.0000
0.8130 0.0000 0.0000 0.1465 0.0000 0.0000 0.0000 0.0000 0.0000 0.0000 0.0000 0.0000 0.0000
0.8280 0.0000 0.0000 0.1465 0.0000 0.0000 0.0000 0.0000 0.0000 0.0000 0.0000 0.0000 0.0000
0.8370 0.0000 0.0000 0.1465 0.0000 0.0000 0.0000 0.0000 0.0000 0.0000 0.0000 0.0000 0.0000
0.8490 0.0000 0.0000 0.1465 0.0000 0.0000 0.0000 0.0000 0.0000 0.0000 0.0000 0.0000 0.0000
0.8610 0.0000 0.0000 0.1465 0.0000 0.0000 0.0000 0.0000 0.0000 0.0000 0.0000 0.0000 0.0000
0.8700 0.0000 0.0000 0.1465 0.0000 0.0000 0.0000 0.0000 0.0000 0.0000 0.0000 0.0000 0.0000
0.8790 0.0000 0.0000 0.1465 0.0000 0.0000 0.0000 0.0000 0.0000 0.0000 0.0000 0.0000 0.0000
0.8910 0.0000 0.0000 0.1465 0.0000 0.0000 0.0000 0.0000 0.0000 0.0000 0.0000 0.0000 0.0000
0.9030 0.0000 0.0000 0.1465 0.0000 0.0000 0.0000 0.0000 0.0000 0.0000 0.0000 0.0000 0.0000
0.9120 0.0000 0.0000 0.1465 0.0000 0.0000 0.0000 0.0000 0.0000 0.0000 0.0000 0.0000 0.0000
0.9210 0.0000 0.0000 0.1465 0.0000 0.0000 0.0000 0.0000 0.0000 0.0000 0.0000 0.0000 0.0000
0.9330 0.0000 0.0000 0.1465 0.0000 0.0000 0.0000 0.0000 0.0000 0.0000 0.0000 0.0000 0.0000
0.9450 0.0000 0.0000 0.1465 0.0000 0.0000 0.0000 0.0000 0.0000 0.0000 0.0000 0.0000 0.0000
0.9600 0.0000 0.0000 0.1465 0.0000 0.0000 0.0000 0.0000 0.0000 0.0000 0.0000 0.0000 0.0000
0.9750 0.0000 0.0000 0.1465 0.0000 0.0000 0.0000 0.0000 0.0000 0.0000 0.0000 0.0000 0.0000
0.9870 0.0000 0.0000 0.1465 0.0000 0.0000 0.0000 0.0000 0.0000 0.0000 0.0000 0.0000 0.0000
1.0050 0.0000 0.0000 0.1465 0.0000 0.0000 0.0000 0.0000 0.0000 0.0000 0.0000 0.0000 0.0000
1.0200 0.0000 0.0000 0.1465 0.0000 0.0000 0.0000 0.0000 0.0000 0.0000 0.0000 0.0000 0.0000
1.0410 0.0000 0.0000 0.1465 0.0000 0.0000 0.0000 0.0000 0.0000 0.0000 0.0000 0.0000 0.0000
1.0530 0.0000 0.0000 0.1465 0.0000 0.0000 0.0000 0.0000 0.0000 0.0000 0.0000 0.0000 0.0000
1.0710 0.0000 0.0000 0.1465 0.0000 0.0000 0.0000 0.0000 0.0000 0.0000 0.0000 0.0000 0.0000
1.0890 0.0000 0.0000 0.1465 0.0000 0.0000 0.0000 0.0000 0.0000 0.0000 0.0000 0.0000 0.0000
1.1070 0.0000 0.0000 0.1465 0.0000 0.0000 0.0000 0.0000 0.0000 0.0000 0.0000 0.0000 0.0000
1.1220 0.0000 0.0000 0.1465 0.0000 0.0000 0.0000 0.0000 0.0000 0.0000 0.0000 0.0000 0.0000
1.1370 0.0000 0.0000 0.1465 0.0000 0.0000 0.0000 0.0000 0.0000 0.0000 0.0000 0.0000 0.0000
1.1550 0.0000 0.0000 0.1465 0.0000 0.0000 0.0000 0.0000 0.0000 0.0000 0.0000 0.0000 0.0000
1.1760 0.0000 0.0000 0.1465 0.0000 0.0000 0.0000 0.0000 0.0000 0.0000 0.0000 0.0000 0.0000
1.1910 0.0000 0.0000 0.1465 0.0000 0.0000 0.0000 0.0000 0.0000 0.0000 0.0000 0.0000 0.0000
1.2030 0.0000 0.0000 0.1465 0.0000 0.0000 0.0000 0.0000 0.0000 0.0000 0.0000 0.0000 0.0000
1.2150 0.0000 0.0000 0.1465 0.0000 0.0000 0.0000 0.0000 0.0000 0.0000 0.0000 0.0000 0.0000
1.2330 0.0000 0.0000 0.1465 0.0000 0.0000 0.0000 0.0000 0.0000 0.0000 0.0000 0.0000 0.0000
1.2510 0.0000 0.0000 0.1465 0.0000 0.0000 0.0000 0.0000 0.0000 0.0000 0.0000 0.0000 0.0000
1.2660 0.0000 0.0000 0.1465 0.0000 0.0000 0.0000 0.0000 0.0000 0.0000 0.0000 0.0000 0.0000
1.2810 0.0000 0.0000 0.1465 0.0000 0.0000 0.0000 0.0000 0.0000 0.0000 0.0000 0.0000 0.0000
1.2930 0.0000 0.0000 0.1465 0.0000 0.0000 0.0000 0.0000 0.0000 0.0000 0.0000 0.0000 0.0000
1.3050 0.0000 0.0000 0.1465 0.0000 0.0000 0.0000 0.0000 0.0000 0.0000 0.0000 0.0000 0.0000
1.3170 0.0000 0.0000 0.1465 0.0000 0.0000 0.0000 0.0000 0.0000 0.0000 0.0000 0.0000 0.0000
1.3290 0.0000 0.0000 0.1465 0.0000 0.0000 0.0000 0.0000 0.0000 0.0000 0.0000 0.0000 0.0000
1.3470 0.0000 0.0000 0.1465 0.0000 0.0000 0.0000 0.0000 0.0000 0.0000 0.0000 0.0000 0.0000
1.3620 0.0000 0.0000 0.1465 0.0000 0.0000 0.0000 0.0000 0.0000 0.0000 0.0000 0.0000 0.0000
1.3830 0.0000 0.0000 0.1465 0.0000 0.0000 0.0000 0.0000 0.0000 0.0000 0.0000 0.0000 0.0000
1.3980 0.0000 0.0000 0.1465 0.0000 0.0000 0.0000 0.0000 0.0000 0.0000 0.0000 0.0000 0.0000
1.4160 0.0000 0.0000 0.1465 0.0000 0.0000 0.0000 0.0000 0.0000 0.0000 0.0000 0.0000 0.0000
1.4370 0.0000 0.0000 0.1465 0.0000 0.0000 0.0000 0.0000 0.0000 0.0000 0.0000 0.0000 0.0000
1.4520 0.0000 0.0000 0.1465 0.0000 0.0000 0.0000 0.0000 0.0000 0.0000 0.0000 0.0000 0.0000
1.4700 0.0000 0.0000 0.1465 0.0000 0.0000 0.0000 0.0000 0.0000 0.0000 0.0000 0.0000 0.0000
1.4880 0.0000 0.0000 0.1465 0.0000 0.0000 0.0000 0.0000 0.0000 0.0000 0.0000 0.0000 0.0000
1.5030 0.0000 0.0000 0.1465 0.0000 0.0000 0.0000 0.0000 0.0000 0.0000 0.0000 0.0000 0.0000
1.5180 0.0000 0.0000 0.1465 0.0000 0.0000 0.0000 0.0000 0.0000 0.0000 0.0000 0.0000 0.0000
1.5330 0.0000 0.0000 0.1465 0.0000 0.0000 0.0000 0.0000 0.0000 0.0000 0.0000 0.0000 0.0000
1.5480 0.0000 0.0000 0.1465 0.0000 0.0000 0.0000 0.0000 0.0000 0.0000 0.0000 0.0000 0.0000
1.5630 0.0000 0.0000 0.1465 0.0000 0.0000 0.0000 0.0000 0.0000 0.0000 0.0000 0.0000 0.0000
1.5750 0.0000 0.0000 0.1465 0.0000 0.0000 0.0000 0.0000 0.0000 0.0000 0.0000 0.0000 0.0000
1.5930 0.0000 0.0000 0.1465 0.0000 0.0000 0.0000 0.0000 0.0000 0.0000 0.0000 0.0000 0.0000
1.6110 0.0000 0.0000 0.1465 0.0000 0.0000 0.0000 0.0000 0.0000 0.0000 0.0000 0.0000 0.0000
1.6320 0.0000 0.0000 0.1465 0.0000 0.0000 0.0000 0.0000 0.0000 0.0000 0.0000 0.0000 0.0000
1.6470 0.0000 0.0000 0.1465 0.0000 0.0000 0.0000 0.0000 0.0000 0.0000 0.0000 0.0000 0.0000
1.6620 0.0000 0.0000 0.1465 0.0000 0.0000 0.0000 0.0000 0.0000 0.0000 0.0000 0.0000 0.0000
1.6770 0.0000 0.0000 0.1465 0.0000 0.0000 0.0000 0.0000 0.0000 0.0000 0.0000 0.0000 0.0000
1.6950 0.0000 0.0000 0.1465 0.0000 0.0000 0.0000 0.0000 0.0000 0.0000 0.0000 0.0000 0.0000
1.7100 0.0000 0.0000 0.1465 0.0000 0.0000 0.0000 0.0000 0.0000 0.0000 0.0000 0.0000 0.0000
1.7250 0.0000 0.0000 0.1465 0.0000 0.0000 0.0000 0.0000 0.0000 0.0000 0.0000 0.0000 0.0000
1.7430 0.0000 0.0000 0.1465 0.0000 0.0000 0.0000 0.0000 0.0000 0.0000 0.0000 0.0000 0.0000
1.7610 0.0000 0.0000 0.1465 0.0000 0.0000 0.0000 0.0000 0.0000 0.0000 0.0000 0.0000 0.0000
1.7760 0.0000 0.0000 0.1465 0.0000 0.0000 0.0000 0.0000 0.0000 0.0000 0.0000 0.0000 0.0000
1.7910 0.0000 0.0000 0.1465 0.0000 0.0000 0.0000 0.0000 0.0000 0.0000 0.0000 0.0000 0.0000
1.8060 0.0000 0.0000 0.1465 0.0000 0.0000 0.0000 0.0000 0.0000 0.0000 0.0000 0.0000 0.0000
1.8210 0.0000 0.0000 0.1465 0.0000 0.0000 0.0000 0.0000 0.0000 0.0000 0.0000 0.0000 0.0000
1.8420 0.0000 0.0000 0.1465 0.0000 0.0000 0.0000 0.0000 0.0000 0.0000 0.0000 0.0000 0.0000
1.8600 0.0000 0.0000 0.1465 0.0000 0.0000 0.0000 0.0000 0.0000 0.0000 0.0000 0.0000 0.0000
1.8810 0.0000 0.0000 0.1465 0.0000 0.0000 0.0000 0.0000 0.0000 0.0000 0.0000 0.0000 0.0000
1.9020 0.0000 0.0000 0.1465 0.0000 0.0000 0.0000 0.0000 0.0000 0.0000 0.0000 0.0000 0.0000
1.9230 0.0000 0.0000 0.1465 0.0000 0.0000 0.0000 0.0000 0.0000 0.0000 0.0000 0.0000 0.0000
1.9410 0.0000 0.0000 0.1465 0.0000 0.0000 0.0000 0.0000 0.0000 0.0000 0.0000 0.0000 0.0000
1.9590 0.0000 0.0000 0.1465 0.0000 0.0000 0.0000 0.0000 0.0000 0.0000 0.0000 0.0000 0.0000
1.9800 0.0000 0.0000 0.1465 0.0000 0.0000 0.0000 0.0000 0.0000 0.0000 0.0000 0.0000 0.0000
1.9980 0.0000 0.0000 0.1465 0.0000 0.0000 0.0000 0.0000 0.0000 0.0000 0.0000 0.0000 0.0000
2.0130 0.0000 0.0000 0.1465 0.0000 0.0000 0.0000 0.0000 0.0000 0.0000 0.0000 0.0000 0.0000
2.0340 0.0000 0.0000 0.1465 0.0000 0.0000 0.0000 0.0000 0.0000 0.0000 0.0000 0.0000 0.0000
2.0520 0.0000 0.0000 0.1465 0.0000 0.0000 0.0000 0.0000 0.0000 0.0000 0.0000 0.0000 0.0000
2.0670 0.0000 0.0000 0.1465 0.0000 0.0000 0.0000 0.0000 0.0000 0.0000 0.0000 0.0000 0.0000
2.0910 0.0000 0.0000 0.1465 0.0000 0.0000 0.0000 0.0000 0.0000 0.0000 0.0000 0.0000 0.0000
2.1090 0.0000 0.0000 0.1465 0.0000 0.0000 0.0000 0.0000 0.0000 0.0000 0.0000 0.0000 0.0000
2.1270 0.0000 0.0000 0.1465 0.0000 0.0000 0.0000 0.0000 0.0000 0.0000 0.0000 0.0000 0.0000
2.1450 0.0000 0.0000 0.1465 0.0000 0.0000 0.0000 0.0000 0.0000 0.0000 0.0000 0.0000 0.0000
2.1630 0.0000 0.0000 0.1465 0.0000 0.0000 0.0000 0.0000 0.0000 0.0000 0.0000 0.0000 0.0000
2.1780 0.0000 0.0000 0.1465 0.0000 0.0000 0.0000 0.0000 0.0000 0.0000 0.0000 0.0000 0.0000
2.1960 0.0000 0.0000 0.1465 0.0000 0.0000 0.0000 0.0000 0.0000 0.0000 0.0000 0.0000 0.0000
2.2110 0.0000 0.0000 0.1465 0.0000 0.0000 0.0000 0.0000 0.0000 0.0000 0.0000 0.0000 0.0000
2.2320 0.0000 0.0000 0.1465 0.0000 0.0000 0.0000 0.0000 0.0000 0.0000 0.0000 0.0000 0.0000
2.2440 0.0000 0.0000 0.1465 0.0000 0.0000 0.0000 0.0000 0.0000 0.0000 0.0000 0.0000 0.0000
2.2620 0.0000 0.0000 0.1465 0.0000 0.0000 0.0000 0.0000 0.0000 0.0000 0.0000 0.0000 0.0000
2.2770 0.0000 0.0000 0.1465 0.0000 0.0000 0.0000 0.0000 0.0000 0.0000 0.0000 0.0000 0.0000
2.2920 0.0000 0.0000 0.1465 0.0000 0.0000 0.0000 0.0000 0.0000 0.0205 0.0000 0.0000 0.0000
2.3040 0.0000 0.0000 0.1470 0.0000 0.0000 0.0000 0.0000 0.0000 0.0939 0.0000 0.0000 0.0000
2.3190 0.0000 0.0000 0.1483 0.0000 0.0000 0.0000 0.0000 0.0000 0.1810 0.0000 0.0000 0.0000
2.3370 0.0000 0.0000 0.1518 0.0000 0.0000 0.0000 0.0000 0.0000 0.2596 0.0000 0.0000 0.0000
2.3521 0.0000 0.0000 0.1567 0.0000 0.0000 0.0000 0.0000 0.0000 0.3069 0.0000 0.0000 0.0000
2.3671 0.0000 0.0000 0.1614 0.0000 0.0000 0.0000 0.0000 0.0000 0.3419 0.0000 0.0000 0.0000
2.3851 0.0000 0.0000 0.1667 0.0000 0.0000 0.0000 0.0000 0.0000 0.3678 0.0000 0.0000 0.0000
2.3971 0.0000 0.0000 0.1723 0.0000 0.0000 0.0000 0.0000 0.0000 0.3871 0.0000 0.0000 0.0000
2.4121 0.0000 0.0000 0.1770 0.0000 0.0000 0.0000 0.0000 0.0000 0.3989 0.0000 0.0000 0.0000
2.4241 0.0000 0.0000 0.1830 0.0000 0.0000 0.0000 0.0000 0.0000 0.4083 0.0000 0.0000 0.0000
2.4391 0.0000 0.0000 0.1892 0.0000 0.0000 0.0000 0.0000 0.0000 0.4189 0.0000 0.0000 0.0000
2.4571 0.0000 0.0000 0.1968 0.0000 0.0000 0.0000 0.0000 0.0000 0.4276 0.0000 0.0000 0.0000
2.4811 0.0000 0.0000 0.2071 0.0000 0.0000 0.0000 0.0000 0.0000 0.4337 0.0000 0.0000 0.0000
2.4991 0.0000 0.0000 0.2149 0.0000 0.0000 0.0000 0.0000 0.0000 0.4375 0.0000 0.0000 0.0000
2.5141 0.0000 0.0000 0.2215 0.0000 0.0000 0.0000 0.0000 0.0000 0.4400 0.0000 0.0000 0.0000
2.5321 0.0000 0.0000 0.2294 0.0000 0.0000 0.0000 0.0000 0.0000 0.4420 0.0000 0.0000 0.0000
2.5531 0.0000 0.0000 0.2374 0.0000 0.0000 0.0000 0.0000 0.0000 0.4443 0.0000 0.0000 0.0000
2.5681 0.0000 0.0000 0.2454 0.0000 0.0000 0.0000 0.0000 0.0000 0.4460 0.0000 0.0000 0.0000
2.5921 0.0000 0.0000 0.2562 0.0000 0.0000 0.0000 0.0000 0.0000 0.4478 0.0000 0.0000 0.0000
2.6101 0.0000 0.0000 0.2629 0.0000 0.0000 0.0000 0.0000 0.0000 0.4488 0.0000 0.0000 0.0000
2.6281 0.0000 0.0000 0.2710 0.0000 0.0000 0.0000 0.0000 0.0000 0.4502 0.0000 0.0000 0.0000
2.6461 0.0000 0.0000 0.2791 0.0000 0.0000 0.0000 0.0000 0.0000 0.4512 0.0000 0.0000 0.0000
2.6641 0.0000 0.0000 0.2885 0.0000 0.0000 0.0000 0.0000 0.0000 0.4522 0.0000 0.0000 0.0000
2.6821 0.0000 0.0000 0.2967 0.0000 0.0000 0.0000 0.0000 0.0000 0.4531 0.0000 0.0000 0.0000
2.7001 0.0000 0.0000 0.3035 0.0000 0.0000 0.0000 0.0000 0.0000 0.4538 0.0000 0.0000 0.0000
2.7151 0.0000 0.0000 0.3117 0.0000 0.0000 0.0000 0.0000 0.0000 0.4546 0.0000 0.0000 0.0000
2.7301 0.0000 0.0000 0.3185 0.0000 0.0000 0.0000 0.0000 0.0000 0.4554 0.0000 0.0000 0.0000
2.7451 0.0000 0.0000 0.3253 0.0000 0.0000 0.0000 0.0000 0.0000 0.4560 0.0000 0.0000 0.0000
2.7631 0.0000 0.0000 0.3322 0.0000 0.0000 0.0000 0.0000 0.0000 0.4568 0.0000 0.0000 0.0000
2.7781 0.0000 0.0000 0.3390 0.0000 0.0000 0.0000 0.0000 0.0000 0.4576 0.0000 0.0000 0.0000
2.7931 0.0000 0.0000 0.3459 0.0000 0.0000 0.0000 0.0000 0.0000 0.4582 0.0000 0.0000 0.0000
2.8111 0.0000 0.0000 0.3541 0.0000 0.0000 0.0000 0.0000 0.0000 0.4588 0.0000 0.0000 0.0000
2.8261 0.0000 0.0000 0.3624 0.0000 0.0000 0.0000 0.0000 0.0000 0.4596 0.0000 0.0000 0.0000
2.8471 0.0000 0.0000 0.3707 0.0000 0.0000 0.0000 0.0000 0.0000 0.4604 0.0000 0.0000 0.0000
2.8681 0.0000 0.0000 0.3804 0.0000 0.0000 0.0000 0.0000 0.0000 0.4611 0.0000 0.0000 0.0000
2.8861 0.0000 0.0000 0.3887 0.0000 0.0000 0.0000 0.0000 0.0000 0.4618 0.0000 0.0000 0.0000
2.9011 0.0000 0.0000 0.3956 0.0000 0.0000 0.0000 0.0000 0.0000 0.4624 0.0000 0.0000 0.0000
2.9161 0.0000 0.0000 0.4039 0.0000 0.0000 0.0000 0.0000 0.0000 0.4631 0.0000 0.0000 0.0000
2.9311 0.0000 0.0000 0.4109 0.0000 0.0000 0.0000 0.0000 0.0000 0.4636 0.0000 0.0000 0.0000
2.9491 0.0000 0.0000 0.4192 0.0000 0.0000 0.0000 0.0000 0.0000 0.4643 0.0000 0.0000 0.0000
2.9611 0.0000 0.0000 0.4248 0.0000 0.0000 0.0000 0.0000 0.0000 0.4647 0.0000 0.0000 0.0000
2.9761 0.0000 0.0000 0.4304 0.0000 0.0000 0.0000 0.0000 0.0000 0.4652 0.0000 0.0000 0.0000
2.9971 0.0000 0.0000 0.4401 0.0000 0.0000 0.0000 0.0000 0.0000 0.4658 0.0000 0.0000 0.0000
3.0121 0.0000 0.0000 0.4485 0.0000 0.0000 0.0000 0.0000 0.0000 0.4666 0.0000 0.0000 0.0000
3.0361 0.0000 0.0000 0.4583 0.0000 0.0000 0.0000 0.0000 0.0000 0.4672 0.0000 0.0000 0.0000
3.0571 0.0000 0.0000 0.4695 0.0000 0.0000 0.0000 0.0000 0.0000 0.4679 0.0000 0.0000 0.0000
3.0751 0.0000 0.0000 0.4780 0.0000 0.0000 0.0000 0.0000 0.0000 0.4684 0.0000 0.0000 0.0000
3.0871 0.0000 0.0000 0.4822 0.0000 0.0000 0.0000 0.0000 0.0000 0.4688 0.0000 0.0000 0.0000
3.1021 0.0000 0.0000 0.4906 0.0000 0.0000 0.0000 0.0000 0.0000 0.4693 0.0000 0.0000 0.0000
3.1231 0.0000 0.0000 0.4991 0.0000 0.0000 0.0000 0.0000 0.0000 0.4698 0.0000 0.0000 0.0000
3.1381 0.0000 0.0000 0.5075 0.0000 0.0000 0.0000 0.0000 0.0000 0.4704 0.0000 0.0000 0.0000
3.1531 0.0000 0.0000 0.5132 0.0000 0.0000 0.0000 0.0000 0.0000 0.4707 0.0000 0.0000 0.0000
3.1681 0.0000 0.0000 0.5202 0.0000 0.0000 0.0000 0.0000 0.0000 0.4711 0.0000 0.0000 0.0000
3.1831 0.0000 0.0000 0.5287 0.0000 0.0000 0.0000 0.0000 0.0000 0.4716 0.0000 0.0000 0.0000
3.2011 0.0000 0.0000 0.5358 0.0000 0.0000 0.0000 0.0000 0.0000 0.4721 0.0000 0.0000 0.0000
3.2131 0.0000 0.0000 0.5429 0.0000 0.0000 0.0000 0.0000 0.0000 0.4725 0.0000 0.0000 0.0000
3.2311 0.0000 0.0000 0.5514 0.0000 0.0000 0.0000 0.0000 0.0000 0.4729 0.0000 0.0000 0.0000
3.2461 0.0000 0.0000 0.5585 0.0000 0.0000 0.0000 0.0000 0.0000 0.4733 0.0000 0.0000 0.0000
3.2671 0.0000 0.0000 0.5684 0.0000 0.0000 0.0000 0.0000 0.0000 0.4739 0.0000 0.0000 0.0000
3.2851 0.0000 0.0000 0.5755 0.0000 0.0000 0.0000 0.0000 0.0000 0.4742 0.0000 0.0000 0.0000
3.3031 0.0000 0.0000 0.5841 0.0000 0.0000 0.0000 0.0000 0.0000 0.4747 0.0000 0.0000 0.0000
3.3181 0.0000 0.0000 0.5912 0.0000 0.0000 0.0000 0.0000 0.0000 0.4751 0.0000 0.0000 0.0000
3.3361 0.0000 0.0000 0.6012 0.0000 0.0000 0.0000 0.0000 0.0000 0.4755 0.0000 0.0000 0.0000
3.3511 0.0000 0.0000 0.6069 0.0000 0.0000 0.0000 0.0000 0.0000 0.4758 0.0000 0.0000 0.0000
3.3661 0.0000 0.0000 0.6155 0.0000 0.0000 0.0000 0.0000 0.0000 0.4762 0.0000 0.0000 0.0000
3.3841 0.0000 0.0000 0.6240 0.0000 0.0000 0.0000 0.0000 0.0000 0.4766 0.0000 0.0000 0.0000
3.3991 0.0000 0.0000 0.6312 0.0000 0.0000 0.0000 0.0000 0.0000 0.4770 0.0000 0.0000 0.0000
3.4201 0.0000 0.0000 0.6412 0.0000 0.0000 0.0000 0.0000 0.0000 0.4773 0.0000 0.0000 0.0000
3.4351 0.0000 0.0000 0.6469 0.0000 0.0000 0.0000 0.0000 0.0000 0.4777 0.0000 0.0000 0.0000
3.4501 0.0000 0.0000 0.6555 0.0000 0.0000 0.0000 0.0000 0.0000 0.4780 0.0000 0.0000 0.0000
3.4711 0.0000 0.0000 0.6641 0.0000 0.0000 0.0000 0.0000 0.0000 0.4785 0.0000 0.0000 0.0000
3.4921 0.0000 0.0000 0.6742 0.0000 0.0000 0.0000 0.0000 0.0000 0.4788 0.0000 0.0000 0.0000
3.5101 0.0000 0.0000 0.6828 0.0000 0.0000 0.0000 0.0000 0.0000 0.4792 0.0000 0.0000 0.0000
3.5281 0.0000 0.0000 0.6914 0.0000 0.0000 0.0000 0.0000 0.0000 0.4795 0.0000 0.0000 0.0000
3.5461 0.0000 0.0000 0.7001 0.0000 0.0000 0.0000 0.0000 0.0000 0.4799 0.0000 0.0000 0.0000
3.5611 0.0000 0.0000 0.7087 0.0000 0.0000 0.0000 0.0000 0.0000 0.4802 0.0000 0.0000 0.0000
3.5821 0.0000 0.0000 0.7188 0.0000 0.0000 0.0000 0.0000 0.0000 0.4806 0.0000 0.0000 0.0000
3.5971 0.0000 0.0000 0.7260 0.0000 0.0000 0.0000 0.0000 0.0000 0.4809 0.0000 0.0000 0.0000
3.6181 0.0000 0.0000 0.7361 0.0000 0.0000 0.0000 0.0000 0.0000 0.4812 0.0000 0.0000 0.0000
3.6391 0.0000 0.0000 0.7448 0.0000 0.0000 0.0000 0.0000 0.0000 0.4815 0.0000 0.0000 0.0000
3.6571 0.0000 0.0000 0.7549 0.0000 0.0000 0.0000 0.0000 0.0000 0.4818 0.0000 0.0000 0.0000
3.6751 0.0000 0.0000 0.7636 0.0000 0.0000 0.0000 0.0000 0.0000 0.4822 0.0000 0.0000 0.0000
3.6991 0.0000 0.0000 0.7751 0.0000 0.0000 0.0000 0.0000 0.0000 0.4825 0.0000 0.0000 0.0000
3.7171 0.0000 0.0000 0.7838 0.0000 0.0000 0.0000 0.0000 0.0000 0.4829 0.0000 0.0000 0.0000
3.7411 0.0000 0.0000 0.7954 0.0000 0.0000 0.0000 0.0000 0.0000 0.4832 0.0000 0.0000 0.0000
3.7591 0.0000 0.0000 0.8041 0.0000 0.0000 0.0000 0.0000 0.0000 0.4834 0.0000 0.0000 0.0000
3.7771 0.0000 0.0000 0.8114 0.0000 0.0000 0.0000 0.0000 0.0000 0.4837 0.0000 0.0000 0.0000
3.7921 0.0000 0.0000 0.8186 0.0000 0.0000 0.0000 0.0000 0.0000 0.4839 0.0000 0.0000 0.0000
3.8071 0.0000 0.0000 0.8259 0.0000 0.0000 0.0000 0.0000 0.0000 0.4841 0.0000 0.0000 0.0000
3.8251 0.0000 0.0000 0.8361 0.0000 0.0000 0.0000 0.0000 0.0000 0.4844 0.0000 0.0000 0.0000
3.8491 0.0000 0.0000 0.8477 0.0000 0.0000 0.0000 0.0000 0.0000 0.4847 0.0000 0.0000 0.0000
3.8701 0.0000 0.0000 0.8593 0.0000 0.0000 0.0000 0.0000 0.0000 0.4850 0.0000 0.0000 0.0000
3.8941 0.0000 0.0000 0.8695 0.0000 0.0000 0.0000 0.0000 0.0000 0.4853 0.0000 0.0000 0.0000
3.9151 0.0000 0.0000 0.8797 0.0000 0.0000 0.0000 0.0000 0.0000 0.4856 0.0000 0.0000 0.0000
3.9391 0.0000 0.0000 0.8899 0.0000 0.0000 0.0000 0.0000 0.0000 0.4858 0.0000 0.0000 0.0000
3.9571 0.0000 0.0000 0.9001 0.0000 0.0000 0.0000 0.0000 0.0000 0.4861 0.0000 0.0000 0.0000
3.9781 0.0000 0.0000 0.9103 0.0000 0.0000 0.0000 0.0000 0.0000 0.4863 0.0000 0.0000 0.0000
3.9961 0.0000 0.0000 0.9176 0.0000 0.0000 0.0000 0.0000 0.0000 0.4865 0.0000 0.0000 0.0000
4.0081 0.0000 0.0000 0.9234 0.0000 0.0000 0.0000 0.0000 0.0000 0.4866 0.0000 0.0000 0.0000
4.0261 0.0000 0.0000 0.9337 0.0000 0.0000 0.0000 0.0000 0.0000 0.4868 0.0000 0.0000 0.0000
4.0441 0.0000 0.0000 0.9424 0.0000 0.0000 0.0000 0.0000 0.0000 0.4870 0.0000 0.0000 0.0000
4.0651 0.0000 0.0000 0.9541 0.0000 0.0000 0.0000 0.0000 0.0000 0.4873 0.0000 0.0000 0.0000
4.0921 0.0000 0.0000 0.9658 0.0000 0.0000 0.0000 0.0000 0.0000 0.4875 0.0000 0.0000 0.0000
4.1131 0.0000 0.0000 0.9761 0.0000 0.0000 0.0000 0.0000 0.0000 0.4878 0.0000 0.0000 0.0000
4.1371 0.0000 0.0000 0.9878 0.0000 0.0000 0.0000 0.0000 0.0000 0.4880 0.0000 0.0000 0.0000
4.1611 0.0000 0.0000 0.9995 0.0000 0.0000 0.0000 0.0000 0.0000 0.4882 0.0000 0.0000 0.0000
4.1791 0.0000 0.0000 1.0083 0.0000 0.0000 0.0000 0.0000 0.0000 0.4884 0.0000 0.0000 0.0000
4.1971 0.0000 0.0000 1.0171 0.0000 0.0000 0.0000 0.0000 0.0000 0.4885 0.0000 0.0000 0.0000
4.2121 0.0000 0.0000 1.0244 0.0000 0.0000 0.0000 0.0000 0.0000 0.4887 0.0000 0.0000 0.0000
4.2301 0.0000 0.0000 1.0332 0.0000 0.0000 0.0000 0.0000 0.0000 0.4888 0.0000 0.0000 0.0000
4.2451 0.0000 0.0000 1.0405 0.0000 0.0000 0.0000 0.0000 0.0000 0.4890 0.0000 0.0000 0.0000
4.2661 0.0000 0.0000 1.0493 0.0000 0.0000 0.0000 0.0000 0.0000 0.4892 0.0000 0.0000 0.0000
4.2811 0.0000 0.0000 1.0581 0.0000 0.0000 0.0000 0.0000 0.0000 0.4893 0.0000 0.0000 0.0000
4.2991 0.0000 0.0000 1.0669 0.0000 0.0000 0.0000 0.0000 0.0000 0.4894 0.0000 0.0000 0.0000
4.3171 0.0000 0.0000 1.0758 0.0000 0.0000 0.0000 0.0000 0.0000 0.4896 0.0000 0.0000 0.0000
4.3351 0.0000 0.0000 1.0846 0.0000 0.0000 0.0000 0.0000 0.0000 0.4897 0.0000 0.0000 0.0000
4.3531 0.0000 0.0000 1.0934 0.0000 0.0000 0.0000 0.0000 0.0000 0.4899 0.0000 0.0000 0.0000
4.3741 0.0000 0.0000 1.1037 0.0000 0.0000 0.0000 0.0000 0.0000 0.4900 0.0000 0.0000 0.0000
4.3951 0.0000 0.0000 1.1125 0.0000 0.0000 0.0000 0.0000 0.0000 0.4902 0.0000 0.0000 0.0000
4.4131 0.0000 0.0000 1.1228 0.0000 0.0000 0.0000 0.0000 0.0000 0.4903 0.0000 0.0000 0.0000
4.4281 0.0000 0.0000 1.1301 0.0000 0.0000 0.0000 0.0000 0.0000 0.4904 0.0000 0.0000 0.0000
4.4461 0.0000 0.0000 1.1375 0.0000 0.0000 0.0000 0.0000 0.0000 0.4905 0.0000 0.0000 0.0000
4.4641 0.0000 0.0000 1.1463 0.0000 0.0000 0.0000 0.0000 0.0000 0.4907 0.0000 0.0000 0.0000
4.4851 0.0000 0.0000 1.1581 0.0000 0.0000 0.0000 0.0000 0.0000 0.4908 0.0000 0.0000 0.0000
4.5061 0.0000 0.0000 1.1684 0.0000 0.0000 0.0000 0.0000 0.0000 0.4909 0.0000 0.0000 0.0000
4.5241 0.0000 0.0000 1.1758 0.0000 0.0000 0.0000 0.0000 0.0000 0.4911 0.0000 0.0000 0.0000
4.5391 0.0000 0.0000 1.1846 0.0000 0.0000 0.0000 0.0000 0.0000 0.4912 0.0000 0.0000 0.0000
4.5601 0.0000 0.0000 1.1949 0.0000 0.0000 0.0000 0.0000 0.0000 0.4913 0.0000 0.0000 0.0000
4.5811 0.0000 0.0000 1.2038 0.0000 0.0000 0.0000 0.0000 0.0000 0.4914 0.0000 0.0000 0.0000
4.5991 0.0000 0.0000 1.2141 0.0000 0.0000 0.0000 0.0000 0.0000 0.4915 0.0000 0.0000 0.0000
4.6171 0.0000 0.0000 1.2215 0.0000 0.0000 0.0000 0.0000 0.0000 0.4916 0.0000 0.0000 0.0000
4.6291 0.0000 0.0000 1.2288 0.0000 0.0000 0.0000 0.0000 0.0000 0.4917 0.0000 0.0000 0.0000
4.6501 0.0000 0.0000 1.2392 0.0000 0.0000 0.0000 0.0000 0.0000 0.4918 0.0000 0.0000 0.0000
4.6681 0.0000 0.0000 1.2480 0.0000 0.0000 0.0000 0.0000 0.0000 0.4919 0.0000 0.0000 0.0000
4.6831 0.0000 0.0000 1.2539 0.0000 0.0000 0.0000 0.0000 0.0000 0.4920 0.0000 0.0000 0.0000
4.7011 0.0000 0.0000 1.2643 0.0000 0.0000 0.0000 0.0000 0.0000 0.4921 0.0000 0.0000 0.0000
4.7191 0.0000 0.0000 1.2716 0.0000 0.0000 0.0000 0.0000 0.0000 0.4922 0.0000 0.0000 0.0000
4.7371 0.0000 0.0000 1.2805 0.0000 0.0000 0.0000 0.0000 0.0000 0.4923 0.0000 0.0000 0.0000
4.7491 0.0000 0.0000 1.2879 0.0000 0.0000 0.0000 0.0000 0.0000 0.4923 0.0000 0.0000 0.0000
4.7641 0.0000 0.0000 1.2953 0.0000 0.0000 0.0000 0.0000 0.0000 0.4924 0.0000 0.0000 0.0000
4.7821 0.0000 0.0000 1.3027 0.0000 0.0000 0.0000 0.0000 0.0000 0.4925 0.0000 0.0000 0.0000
4.7941 0.0000 0.0000 1.3100 0.0000 0.0000 0.0000 0.0000 0.0000 0.4926 0.0000 0.0000 0.0000
4.8121 0.0000 0.0000 1.3189 0.0000 0.0000 0.0000 0.0000 0.0000 0.4926 0.0000 0.0000 0.0000
4.8301 0.0000 0.0000 1.3263 0.0000 0.0000 0.0000 0.0000 0.0000 0.4927 0.0000 0.0000 0.0000
4.8481 0.0000 0.0000 1.3366 0.0000 0.0000 0.0000 0.0000 0.0000 0.4928 0.0000 0.0000 0.0000
4.8691 0.0000 0.0000 1.3455 0.0000 0.0000 0.0000 0.0000 0.0000 0.4929 0.0000 0.0000 0.0000
4.8841 0.0000 0.0000 1.3544 0.0000 0.0000 0.0000 0.0000 0.0000 0.4930 0.0000 0.0000 0.0000
4.9021 0.0000 0.0000 1.3618 0.0000 0.0000 0.0000 0.0000 0.0000 0.4930 0.0000 0.0000 0.0000
4.9171 0.0000 0.0000 1.3707 0.0000 0.0000 0.0000 0.0000 0.0000 0.4931 0.0000 0.0000 0.0000
4.9381 0.0000 0.0000 1.3810 0.0000 0.0000 0.0000 0.0000 0.0000 0.4932 0.0000 0.0000 0.0000
4.9531 0.0000 0.0000 1.3884 0.0000 0.0000 0.0000 0.0000 0.0000 0.4932 0.0000 0.0000 0.0000
4.9771 0.0000 0.0000 1.3988 0.0000 0.0000 0.0000 0.0000 0.0000 0.4933 0.0000 0.0000 0.0000
4.9981 0.0000 0.0000 1.4091 0.0000 0.0000 0.0000 0.0000 0.0000 0.4934 0.0000 0.0000 0.0000
5.0131 0.0000 0.0000 1.4180 0.0000 0.0000 0.0000 0.0000 0.0000 0.4935 0.0000 0.0000 0.0000
5.0341 0.0000 0.0000 1.4269 0.0000 0.0000 0.0000 0.0000 0.0000 0.4935 0.0000 0.0000 0.0000
5.0491 0.0000 0.0000 1.4358 0.0000 0.0000 0.0000 0.0000 0.0000 0.4936 0.0000 0.0000 0.0000
5.0641 0.0000 0.0000 1.4432 0.0000 0.0000 0.0000 0.0000 0.0000 0.4937 0.0000 0.0000 0.0000
5.0821 0.0000 0.0000 1.4521 0.0000 0.0000 0.0000 0.0000 0.0000 0.4937 0.0000 0.0000 0.0000
5.1061 0.0000 0.0000 1.4639 0.0000 0.0000 0.0000 0.0000 0.0000 0.4938 0.0000 0.0000 0.0000
5.1241 0.0000 0.0000 1.4728 0.0000 0.0000 0.0000 0.0000 0.0000 0.4939 0.0000 0.0000 0.0000
5.1421 0.0000 0.0000 1.4802 0.0000 0.0000 0.0000 0.0000 0.0000 0.4939 0.0000 0.0000 0.0000
5.1631 0.0000 0.0000 1.4906 0.0000 0.0000 0.0000 0.0000 0.0000 0.4940 0.0000 0.0000 0.0000
5.1841 0.0000 0.0000 1.5010 0.0000 0.0000 0.0000 0.0000 0.0000 0.4940 0.0000 0.0000 0.0000
5.2021 0.0000 0.0000 1.5113 0.0000 0.0000 0.0000 0.0000 0.0000 0.4941 0.0000 0.0000 0.0000
5.2231 0.0000 0.0000 1.5217 0.0000 0.0000 0.0000 0.0000 0.0000 0.4942 0.0000 0.0000 0.0000
5.2441 0.0000 0.0000 1.5306 0.0000 0.0000 0.0000 0.0000 0.0000 0.4942 0.0000 0.0000 0.0000
5.2591 0.0000 0.0000 1.5395 0.0000 0.0000 0.0000 0.0000 0.0000 0.4943 0.0000 0.0000 0.0000
5.2771 0.0000 0.0000 1.5469 0.0000 0.0000 0.0000 0.0000 0.0000 0.4943 0.0000 0.0000 0.0000
5.2981 0.0000 0.0000 1.5588 0.0000 0.0000 0.0000 0.0000 0.0000 0.4944 0.0000 0.0000 0.0000
5.3191 0.0000 0.0000 1.5692 0.0000 0.0000 0.0000 0.0000 0.0000 0.4945 0.0000 0.0000 0.0000
5.3401 0.0000 0.0000 1.5796 0.0000 0.0000 0.0000 0.0000 0.0000 0.4945 0.0000 0.0000 0.0000
5.3581 0.0000 0.0000 1.5870 0.0000 0.0000 0.0000 0.0000 0.0000 0.4945 0.0000 0.0000 0.0000
5.3761 0.0000 0.0000 1.5974 0.0000 0.0000 0.0000 0.0000 0.0000 0.4946 0.0000 0.0000 0.0000
5.3941 0.0000 0.0000 1.6048 0.0000 0.0000 0.0000 0.0000 0.0000 0.4946 0.0000 0.0000 0.0000
5.4091 0.0000 0.0000 1.6137 0.0000 0.0000 0.0000 0.0000 0.0000 0.4947 0.0000 0.0000 0.0000
5.4271 0.0000 0.0000 1.6211 0.0000 0.0000 0.0000 0.0000 0.0000 0.4947 0.0000 0.0000 0.0000
5.4451 0.0000 0.0000 1.6300 0.0000 0.0000 0.0000 0.0000 0.0000 0.4947 0.0000 0.0000 0.0000
5.4601 0.0000 0.0000 1.6389 0.0000 0.0000 0.0000 0.0000 0.0000 0.4948 0.0000 0.0000 0.0000
5.4781 0.0000 0.0000 1.6463 0.0000 0.0000 0.0000 0.0000 0.0000 0.4948 0.0000 0.0000 0.0000
5.4931 0.0000 0.0000 1.6552 0.0000 0.0000 0.0000 0.0000 0.0000 0.4916 0.0000 0.0000 0.0000
5.5111 0.0000 0.0000 1.6637 0.0000 0.0000 0.0000 0.0000 0.0000 0.4172 0.0000 0.0000 0.0000
5.5291 0.0000 0.0000 1.6707 0.0000 0.0000 0.0000 0.0000 0.0000 0.3299 0.0000 0.0000 0.0000
5.5471 0.0000 0.0000 1.6761 0.0000 0.0000 0.0000 0.0000 0.0000 0.2424 0.0000 0.0000 0.0000
5.5681 0.0000 0.0000 1.6799 0.0000 0.0000 0.0000 0.0000 0.0000 0.1598 0.0000 0.0000 0.0000
5.5831 0.0000 0.0000 1.6824 0.0000 0.0000 0.0000 0.0000 0.0000 0.0979 0.0000 0.0000 0.0000
5.5981 0.0000 0.0000 1.6837 0.0000 0.0000 0.0000 0.0000 0.0000 0.0675 0.0000 0.0000 0.0000
5.6131 0.0000 0.0000 1.6845 0.0000 0.0000 0.0000 0.0000 0.0000 0.0340 0.0000 0.0000 0.0000
5.6281 0.0000 0.0000 1.6849 0.0000 0.0000 0.0000 0.0000 0.0000 0.0178 0.0000 0.0000 0.0000
5.6431 0.0000 0.0000 1.6851 0.0000 0.0000 0.0000 0.0000 0.0000 0.0025 0.0000 0.0000 0.0000
5.6641 0.0000 0.0000 1.6849 0.0000 0.0000 0.0000 0.0000 0.0000 -0.0136 0.0000 0.0000 0.0000
5.6821 0.0000 0.0000 1.6847 0.0000 0.0000 0.0000 0.0000 0.0000 -0.0201 0.0000 0.0000 0.0000
5.7001 0.0000 0.0000 1.6846 0.0000 0.0000 0.0000 0.0000 0.0000 0.0840 0.0000 0.0000 0.0000
5.7301 0.0000 0.0000 1.6883 0.0000 0.0000 0.0000 0.0000 0.0000 0.2445 0.0000 0.0000 0.0000
5.7511 0.0000 0.0000 1.6956 0.0000 0.0000 0.0000 0.0000 0.0000 0.4053 0.0000 0.0000 0.0000
5.7721 0.0000 0.0000 1.7052 0.0000 0.0000 0.0000 0.0000 0.0000 0.5657 0.0000 0.0000 0.0000
5.7991 0.0000 0.0000 1.7197 0.0000 0.0000 0.0000 0.0000 0.0000 0.7256 0.0000 0.0000 0.0000
5.8201 0.0000 0.0000 1.7356 0.0000 0.0000 0.0000 0.0000 0.0000 0.8648 0.0000 0.0000 0.0000
5.8381 0.0000 0.0000 1.7543 0.0000 0.0000 0.0000 0.0000 0.0000 0.9836 0.0000 0.0000 0.0000
5.8591 0.0000 0.0000 1.7728 0.0000 0.0000 0.0000 0.0000 0.0000 1.1216 0.0000 0.0000 0.0000
5.8771 0.0000 0.0000 1.7969 0.0000 0.0000 0.0000 0.0000 0.0000 1.2391 0.0000 0.0000 0.0000
5.9011 0.0000 0.0000 1.8281 0.0000 0.0000 0.0000 0.0000 0.0000 1.4142 0.0000 0.0000 0.0000
5.9281 0.0000 0.0000 1.8629 0.0000 0.0000 0.0000 0.0000 0.0000 1.5683 0.0000 0.0000 0.0000
5.9521 0.0000 0.0000 1.9015 0.0000 0.0000 0.0000 0.0000 0.0000 1.7208 0.0000 0.0000 0.0000
5.9731 0.0000 0.0000 1.9437 0.0000 0.0000 0.0000 0.0000 0.0000 1.8530 0.0000 0.0000 0.0000
5.9911 0.0000 0.0000 1.9719 0.0000 0.0000 0.0000 0.0000 0.0000 1.9466 0.0000 0.0000 0.0000
6.0091 0.0000 0.0000 2.0138 0.0000 0.0000 0.0000 0.0000 0.0000 2.0947 0.0000 0.0000 0.0000
6.0331 0.0000 0.0000 2.0649 0.0000 0.0000 0.0000 0.0000 0.0000 2.2228 0.0000 0.0000 0.0000
6.0571 0.0000 0.0000 2.1126 0.0000 0.0000 0.0000 0.0000 0.0000 2.3493 0.0000 0.0000 0.0000
6.0781 0.0000 0.0000 2.1628 0.0000 0.0000 0.0000 0.0000 0.0000 2.4741 0.0000 0.0000 0.0000
6.0961 0.0000 0.0000 2.2157 0.0000 0.0000 0.0000 0.0000 0.0000 2.5972 0.0000 0.0000 0.0000
6.1141 0.0000 0.0000 2.2631 0.0000 0.0000 0.0000 0.0000 0.0000 2.7186 0.0000 0.0000 0.0000
6.1381 0.0000 0.0000 2.3377 0.0000 0.0000 0.0000 0.0000 0.0000 2.8550 0.0000 0.0000 0.0000
6.1621 0.0000 0.0000 2.3985 0.0000 0.0000 0.0000 0.0000 0.0000 2.9724 0.0000 0.0000 0.0000
6.1801 0.0000 0.0000 2.4435 0.0000 0.0000 0.0000 0.0000 0.0000 3.0551 0.0000 0.0000 0.0000
6.2041 0.0000 0.0000 2.5275 0.0000 0.0000 0.0000 0.0000 0.0000 3.2013 0.0000 0.0000 0.0000
6.2281 0.0000 0.0000 2.5956 0.0000 0.0000 0.0000 0.0000 0.0000 3.3128 0.0000 0.0000 0.0000
6.2461 0.0000 0.0000 2.6558 0.0000 0.0000 0.0000 0.0000 0.0000 3.4222 0.0000 0.0000 0.0000
6.2701 0.0000 0.0000 2.7492 0.0000 0.0000 0.0000 0.0000 0.0000 3.5447 0.0000 0.0000 0.0000
6.2881 0.0000 0.0000 2.8135 0.0000 0.0000 0.0000 0.0000 0.0000 3.6347 0.0000 0.0000 0.0000
6.3121 0.0000 0.0000 2.9018 0.0000 0.0000 0.0000 0.0000 0.0000 3.7524 0.0000 0.0000 0.0000
6.3331 0.0000 0.0000 2.9814 0.0000 0.0000 0.0000 0.0000 0.0000 3.8531 0.0000 0.0000 0.0000
6.3541 0.0000 0.0000 3.0513 0.0000 0.0000 0.0000 0.0000 0.0000 3.9516 0.0000 0.0000 0.0000
6.3721 0.0000 0.0000 3.1226 0.0000 0.0000 0.0000 0.0000 0.0000 4.0344 0.0000 0.0000 0.0000
6.3931 0.0000 0.0000 3.2078 0.0000 0.0000 0.0000 0.0000 0.0000 4.1289 0.0000 0.0000 0.0000
6.4141 0.0000 0.0000 3.3075 0.0000 0.0000 0.0000 0.0000 0.0000 4.2213 0.0000 0.0000 0.0000
6.4321 0.0000 0.0000 3.3840 0.0000 0.0000 0.0000 0.0000 0.0000 4.2860 0.0000 0.0000 0.0000
6.4531 0.0000 0.0000 3.4618 0.0000 0.0000 0.0000 0.0000 0.0000 4.3746 0.0000 0.0000 0.0000
6.4711 0.0000 0.0000 3.5410 0.0000 0.0000 0.0000 0.0000 0.0000 4.4489 0.0000 0.0000 0.0000
6.4861 0.0000 0.0000 3.6215 0.0000 0.0000 0.0000 0.0000 0.0000 4.5337 0.0000 0.0000 0.0000
6.5071 0.0000 0.0000 3.7171 0.0000 0.0000 0.0000 0.0000 0.0000 4.5929 0.0000 0.0000 0.0000
6.5251 0.0000 0.0000 3.8004 0.0000 0.0000 0.0000 0.0000 0.0000 4.6739 0.0000 0.0000 0.0000
6.5461 0.0000 0.0000 3.8850 0.0000 0.0000 0.0000 0.0000 0.0000 4.7529 0.0000 0.0000 0.0000
6.5701 0.0000 0.0000 4.0140 0.0000 0.0000 0.0000 0.0000 0.0000 4.8407 0.0000 0.0000 0.0000
6.5911 0.0000 0.0000 4.1163 0.0000 0.0000 0.0000 0.0000 0.0000 4.9257 0.0000 0.0000 0.0000
6.6121 0.0000 0.0000 4.2200 0.0000 0.0000 0.0000 0.0000 0.0000 4.9878 0.0000 0.0000 0.0000
6.6361 0.0000 0.0000 4.3405 0.0000 0.0000 0.0000 0.0000 0.0000 5.0571 0.0000 0.0000 0.0000
6.6541 0.0000 0.0000 4.4319 0.0000 0.0000 0.0000 0.0000 0.0000 5.1083 0.0000 0.0000 0.0000
6.6781 0.0000 0.0000 4.5549 0.0000 0.0000 0.0000 0.0000 0.0000 5.1425 0.0000 0.0000 0.0000
6.6991 0.0000 0.0000 4.6629 0.0000 0.0000 0.0000 0.0000 0.0000 5.0933 0.0000 0.0000 0.0000
6.7171 0.0000 0.0000 4.7537 0.0000 0.0000 0.0000 0.0000 0.0000 4.9494 0.0000 0.0000 0.0000
6.7411 0.0000 0.0000 4.8708 0.0000 0.0000 0.0000 0.0000 0.0000 4.7812 0.0000 0.0000 0.0000
6.7621 0.0000 0.0000 4.9694 0.0000 0.0000 0.0000 0.0000 0.0000 4.5712 0.0000 0.0000 0.0000
6.7861 0.0000 0.0000 5.0647 0.0000 0.0000 0.0000 0.0000 0.0000 4.4127 0.0000 0.0000 0.0000
6.8071 0.0000 0.0000 5.1696 0.0000 0.0000 0.0000 0.0000 0.0000 4.2799 0.0000 0.0000 0.0000
6.8251 0.0000 0.0000 5.2454 0.0000 0.0000 0.0000 0.0000 0.0000 4.1283 0.0000 0.0000 0.0000
6.8461 0.0000 0.0000 5.3190 0.0000 0.0000 0.0000 0.0000 0.0000 3.9594 0.0000 0.0000 0.0000
6.8731 0.0000 0.0000 5.4250 0.0000 0.0000 0.0000 0.0000 0.0000 3.8151 0.0000 0.0000 0.0000
6.8941 0.0000 0.0000 5.5151 0.0000 0.0000 0.0000 0.0000 0.0000 3.6538 0.0000 0.0000 0.0000
6.9151 0.0000 0.0000 5.5908 0.0000 0.0000 0.0000 0.0000 0.0000 3.5354 0.0000 0.0000 0.0000
6.9331 0.0000 0.0000 5.6431 0.0000 0.0000 0.0000 0.0000 0.0000 3.4189 0.0000 0.0000 0.0000
6.9511 0.0000 0.0000 5.7139 0.0000 0.0000 0.0000 0.0000 0.0000 3.2855 0.0000 0.0000 0.0000
6.9751 0.0000 0.0000 5.7819 0.0000 0.0000 0.0000 0.0000 0.0000 3.1359 0.0000 0.0000 0.0000
6.9931 0.0000 0.0000 5.8472 0.0000 0.0000 0.0000 0.0000 0.0000 3.0257 0.0000 0.0000 0.0000
7.0111 0.0000 0.0000 5.8922 0.0000 0.0000 0.0000 0.0000 0.0000 2.9351 0.0000 0.0000 0.0000
7.0292 0.0000 0.0000 5.9529 0.0000 0.0000 0.0000 0.0000 0.0000 2.8100 0.0000 0.0000 0.0000
7.0472 0.0000 0.0000 6.0028 0.0000 0.0000 0.0000 0.0000 0.0000 2.7043 0.0000 0.0000 0.0000
7.0682 0.0000 0.0000 6.0509 0.0000 0.0000 0.0000 0.0000 0.0000 2.5827 0.0000 0.0000 0.0000
7.0892 0.0000 0.0000 6.1046 0.0000 0.0000 0.0000 0.0000 0.0000 2.4629 0.0000 0.0000 0.0000
7.1132 0.0000 0.0000 6.1699 0.0000 0.0000 0.0000 0.0000 0.0000 2.3448 0.0000 0.0000 0.0000
7.1342 0.0000 0.0000 6.2112 0.0000 0.0000 0.0000 0.0000 0.0000 2.2281 0.0000 0.0000 0.0000
7.1552 0.0000 0.0000 6.2635 0.0000 0.0000 0.0000 0.0000 0.0000 2.1130 0.0000 0.0000 0.0000
7.1702 0.0000 0.0000 6.2946 0.0000 0.0000 0.0000 0.0000 0.0000 2.0153 0.0000 0.0000 0.0000
7.1912 0.0000 0.0000 6.3303 0.0000 0.0000 0.0000 0.0000 0.0000 1.9186 0.0000 0.0000 0.0000
7.2122 0.0000 0.0000 6.3698 0.0000 0.0000 0.0000 0.0000 0.0000 1.8069 0.0000 0.0000 0.0000
7.2302 0.0000 0.0000 6.4017 0.0000 0.0000 0.0000 0.0000 0.0000 1.7121 0.0000 0.0000 0.0000
7.2482 0.0000 0.0000 6.4368 0.0000 0.0000 0.0000 0.0000 0.0000 1.6181 0.0000 0.0000 0.0000
7.2692 0.0000 0.0000 6.4651 0.0000 0.0000 0.0000 0.0000 0.0000 1.5092 0.0000 0.0000 0.0000
7.2842 0.0000 0.0000 6.4917 0.0000 0.0000 0.0000 0.0000 0.0000 1.4013 0.0000 0.0000 0.0000
7.3082 0.0000 0.0000 6.5207 0.0000 0.0000 0.0000 0.0000 0.0000 1.2943 0.0000 0.0000 0.0000
7.3262 0.0000 0.0000 6.5474 0.0000 0.0000 0.0000 0.0000 0.0000 1.2032 0.0000 0.0000 0.0000
7.3472 0.0000 0.0000 6.5685 0.0000 0.0000 0.0000 0.0000 0.0000 1.0975 0.0000 0.0000 0.0000
7.3682 0.0000 0.0000 6.5941 0.0000 0.0000 0.0000 0.0000 0.0000 0.9925 0.0000 0.0000 0.0000
7.3862 0.0000 0.0000 6.6087 0.0000 0.0000 0.0000 0.0000 0.0000 0.9178 0.0000 0.0000 0.0000
7.4072 0.0000 0.0000 6.6296 0.0000 0.0000 0.0000 0.0000 0.0000 0.7842 0.0000 0.0000 0.0000
7.4372 0.0000 0.0000 6.6518 0.0000 0.0000 0.0000 0.0000 0.0000 0.6512 0.0000 0.0000 0.0000
7.4582 0.0000 0.0000 6.6647 0.0000 0.0000 0.0000 0.0000 0.0000 0.5483 0.0000 0.0000 0.0000
7.4762 0.0000 0.0000 6.6741 0.0000 0.0000 0.0000 0.0000 0.0000 0.4603 0.0000 0.0000 0.0000
7.4972 0.0000 0.0000 6.6830 0.0000 0.0000 0.0000 0.0000 0.0000 0.3579 0.0000 0.0000 0.0000
7.5182 0.0000 0.0000 6.6897 0.0000 0.0000 0.0000 0.0000 0.0000 0.2557 0.0000 0.0000 0.0000
7.5392 0.0000 0.0000 6.6938 0.0000 0.0000 0.0000 0.0000 0.0000 0.1682 0.0000 0.0000 0.0000
7.5632 0.0000 0.0000 6.6968 0.0000 0.0000 0.0000 0.0000 0.0000 0.0517 0.0000 0.0000 0.0000
7.5842 0.0000 0.0000 6.6971 0.0000 0.0000 0.0000 0.0000 0.0000 -0.0648 0.0000 0.0000 0.0000
7.6082 0.0000 0.0000 6.6949 0.0000 0.0000 0.0000 0.0000 0.0000 -0.1666 0.0000 0.0000 0.0000
7.6232 0.0000 0.0000 6.6913 0.0000 0.0000 0.0000 0.0000 0.0000 -0.2684 0.0000 0.0000 0.0000
7.6472 0.0000 0.0000 6.6852 0.0000 0.0000 0.0000 0.0000 0.0000 -0.3556 0.0000 0.0000 0.0000
7.6622 0.0000 0.0000 6.6783 0.0000 0.0000 0.0000 0.0000 0.0000 -0.4425 0.0000 0.0000 0.0000
7.6802 0.0000 0.0000 6.6698 0.0000 0.0000 0.0000 0.0000 0.0000 -0.5149 0.0000 0.0000 0.0000
7.6982 0.0000 0.0000 6.6616 0.0000 0.0000 0.0000 0.0000 0.0000 -0.6015 0.0000 0.0000 0.0000
7.7132 0.0000 0.0000 6.6502 0.0000 0.0000 0.0000 0.0000 0.0000 -0.6735 0.0000 0.0000 0.0000
7.7312 0.0000 0.0000 6.6396 0.0000 0.0000 0.0000 0.0000 0.0000 -0.7597 0.0000 0.0000 0.0000
7.7462 0.0000 0.0000 6.6254 0.0000 0.0000 0.0000 0.0000 0.0000 -0.8455 0.0000 0.0000 0.0000
7.7702 0.0000 0.0000 6.6041 0.0000 0.0000 0.0000 0.0000 0.0000 -0.9452 0.0000 0.0000 0.0000
7.7912 0.0000 0.0000 6.5832 0.0000 0.0000 0.0000 0.0000 0.0000 -1.0726 0.0000 0.0000 0.0000
7.8242 0.0000 0.0000 6.5497 0.0000 0.0000 0.0000 0.0000 0.0000 -1.2131 0.0000 0.0000 0.0000
7.8512 0.0000 0.0000 6.5160 0.0000 0.0000 0.0000 0.0000 0.0000 -1.3383 0.0000 0.0000 0.0000
7.8722 0.0000 0.0000 6.4832 0.0000 0.0000 0.0000 0.0000 0.0000 -1.4212 0.0000 0.0000 0.0000
7.8932 0.0000 0.0000 6.4569 0.0000 0.0000 0.0000 0.0000 0.0000 -1.5171 0.0000 0.0000 0.0000
7.9112 0.0000 0.0000 6.4243 0.0000 0.0000 0.0000 0.0000 0.0000 -1.6122 0.0000 0.0000 0.0000
7.9322 0.0000 0.0000 6.3898 0.0000 0.0000 0.0000 0.0000 0.0000 -1.7199 0.0000 0.0000 0.0000
7.9592 0.0000 0.0000 6.3424 0.0000 0.0000 0.0000 0.0000 0.0000 -1.8394 0.0000 0.0000 0.0000
7.9862 0.0000 0.0000 6.2978 0.0000 0.0000 0.0000 0.0000 0.0000 -1.9116 0.0000 0.0000 0.0000
8.0192 0.0000 0.0000 6.2287 0.0000 0.0000 0.0000 0.0000 0.0000 -1.9159 0.0000 0.0000 0.0000
8.0522 0.0000 0.0000 6.1660 0.0000 0.0000 0.0000 0.0000 0.0000 -1.8572 0.0000 0.0000 0.0000
8.0822 0.0000 0.0000 6.1109 0.0000 0.0000 0.0000 0.0000 0.0000 -1.7875 0.0000 0.0000 0.0000
8.1062 0.0000 0.0000 6.0738 0.0000 0.0000 0.0000 0.0000 0.0000 -1.7268 0.0000 0.0000 0.0000
8.1242 0.0000 0.0000 6.0380 0.0000 0.0000 0.0000 0.0000 0.0000 -1.6633 0.0000 0.0000 0.0000
8.1452 0.0000 0.0000 6.0084 0.0000 0.0000 0.0000 0.0000 0.0000 -1.6082 0.0000 0.0000 0.0000
8.1662 0.0000 0.0000 5.9751 0.0000 0.0000 0.0000 0.0000 0.0000 -1.5439 0.0000 0.0000 0.0000
8.1842 0.0000 0.0000 5.9432 0.0000 0.0000 0.0000 0.0000 0.0000 -1.4895 0.0000 0.0000 0.0000
8.2052 0.0000 0.0000 5.9126 0.0000 0.0000 0.0000 0.0000 0.0000 -1.4185 0.0000 0.0000 0.0000
8.2262 0.0000 0.0000 5.8873 0.0000 0.0000 0.0000 0.0000 0.0000 -1.3582 0.0000 0.0000 0.0000
8.2442 0.0000 0.0000 5.8591 0.0000 0.0000 0.0000 0.0000 0.0000 -1.3080 0.0000 0.0000 0.0000
8.2652 0.0000 0.0000 5.8358 0.0000 0.0000 0.0000 0.0000 0.0000 -1.2593 0.0000 0.0000 0.0000
8.2862 0.0000 0.0000 5.8062 0.0000 0.0000 0.0000 0.0000 0.0000 -1.1966 0.0000 0.0000 0.0000
8.3132 0.0000 0.0000 5.7746 0.0000 0.0000 0.0000 0.0000 0.0000 -1.1292 0.0000 0.0000 0.0000
8.3342 0.0000 0.0000 5.7545 0.0000 0.0000 0.0000 0.0000 0.0000 -1.0861 0.0000 0.0000 0.0000
8.3492 0.0000 0.0000 5.7352 0.0000 0.0000 0.0000 0.0000 0.0000 -1.0444 0.0000 0.0000 0.0000
8.3702 0.0000 0.0000 5.7167 0.0000 0.0000 0.0000 0.0000 0.0000 -1.0042 0.0000 0.0000 0.0000
8.3882 0.0000 0.0000 5.6988 0.0000 0.0000 0.0000 0.0000 0.0000 -0.9590 0.0000 0.0000 0.0000
8.4122 0.0000 0.0000 5.6761 0.0000 0.0000 0.0000 0.0000 0.0000 -0.9155 0.0000 0.0000 0.0000
8.4362 0.0000 0.0000 5.6546 0.0000 0.0000 0.0000 0.0000 0.0000 -0.8681 0.0000 0.0000 0.0000
8.4542 0.0000 0.0000 5.6366 0.0000 0.0000 0.0000 0.0000 0.0000 -0.8283 0.0000 0.0000 0.0000
8.4752 0.0000 0.0000 5.6195 0.0000 0.0000 0.0000 0.0000 0.0000 -0.7902 0.0000 0.0000 0.0000
8.4962 0.0000 0.0000 5.6032 0.0000 0.0000 0.0000 0.0000 0.0000 -0.7537 0.0000 0.0000 0.0000
8.5202 0.0000 0.0000 5.5855 0.0000 0.0000 0.0000 0.0000 0.0000 -0.7089 0.0000 0.0000 0.0000
8.5472 0.0000 0.0000 5.5687 0.0000 0.0000 0.0000 0.0000 0.0000 -0.6711 0.0000 0.0000 0.0000
8.5772 0.0000 0.0000 5.5490 0.0000 0.0000 0.0000 0.0000 0.0000 -0.6264 0.0000 0.0000 0.0000
8.6012 0.0000 0.0000 5.5324 0.0000 0.0000 0.0000 0.0000 0.0000 -0.5925 0.0000 0.0000 0.0000
8.6222 0.0000 0.0000 5.5201 0.0000 0.0000 0.0000 0.0000 0.0000 -0.5682 0.0000 0.0000 0.0000
8.6402 0.0000 0.0000 5.5101 0.0000 0.0000 0.0000 0.0000 0.0000 -0.5409 0.0000 0.0000 0.0000
8.6642 0.0000 0.0000 5.4989 0.0000 0.0000 0.0000 0.0000 0.0000 -0.5112 0.0000 0.0000 0.0000
8.6852 0.0000 0.0000 5.4868 0.0000 0.0000 0.0000 0.0000 0.0000 -0.4863 0.0000 0.0000 0.0000
8.7062 0.0000 0.0000 5.4768 0.0000 0.0000 0.0000 0.0000 0.0000 -0.4626 0.0000 0.0000 0.0000
8.7332 0.0000 0.0000 5.4646 0.0000 0.0000 0.0000 0.0000 0.0000 -0.4366 0.0000 0.0000 0.0000
8.7542 0.0000 0.0000 5.4557 0.0000 0.0000 0.0000 0.0000 0.0000 -0.4150 0.0000 0.0000 0.0000
8.7752 0.0000 0.0000 5.4484 0.0000 0.0000 0.0000 0.0000 0.0000 -0.3943 0.0000 0.0000 0.0000
8.7932 0.0000 0.0000 5.4414 0.0000 0.0000 0.0000 0.0000 0.0000 -0.3772 0.0000 0.0000 0.0000
8.8112 0.0000 0.0000 5.4336 0.0000 0.0000 0.0000 0.0000 0.0000 -0.3608 0.0000 0.0000 0.0000
8.8322 0.0000 0.0000 5.4273 0.0000 0.0000 0.0000 0.0000 0.0000 -0.3425 0.0000 0.0000 0.0000
8.8472 0.0000 0.0000 5.4212 0.0000 0.0000 0.0000 0.0000 0.0000 -0.3298 0.0000 0.0000 0.0000
8.8652 0.0000 0.0000 5.4163 0.0000 0.0000 0.0000 0.0000 0.0000 -0.3152 0.0000 0.0000 0.0000
8.8832 0.0000 0.0000 5.4107 0.0000 0.0000 0.0000 0.0000 0.0000 -0.3012 0.0000 0.0000 0.0000
8.9012 0.0000 0.0000 5.4054 0.0000 0.0000 0.0000 0.0000 0.0000 -0.2876 0.0000 0.0000 0.0000
8.9222 0.0000 0.0000 5.3987 0.0000 0.0000 0.0000 0.0000 0.0000 -0.2704 0.0000 0.0000 0.0000
8.9432 0.0000 0.0000 5.3931 0.0000 0.0000 0.0000 0.0000 0.0000 -0.2560 0.0000 0.0000 0.0000
8.9642 0.0000 0.0000 5.3878 0.0000 0.0000 0.0000 0.0000 0.0000 -0.2404 0.0000 0.0000 0.0000
8.9882 0.0000 0.0000 5.3821 0.0000 0.0000 0.0000 0.0000 0.0000 -0.2273 0.0000 0.0000 0.0000
9.0092 0.0000 0.0000 5.3775 0.0000 0.0000 0.0000 0.0000 0.0000 -0.2132 0.0000 0.0000 0.0000
9.0302 0.0000 0.0000 5.3730 0.0000 0.0000 0.0000 0.0000 0.0000 -0.2014 0.0000 0.0000 0.0000
9.0542 0.0000 0.0000 5.3689 0.0000 0.0000 0.0000 0.0000 0.0000 -0.1917 0.0000 0.0000 0.0000
9.0722 0.0000 0.0000 5.3649 0.0000 0.0000 0.0000 0.0000 0.0000 -0.1793 0.0000 0.0000 0.0000
9.0992 0.0000 0.0000 5.3607 0.0000 0.0000 0.0000 0.0000 0.0000 -0.1691 0.0000 0.0000 0.0000
9.1232 0.0000 0.0000 5.3567 0.0000 0.0000 0.0000 0.0000 0.0000 -0.1579 0.0000 0.0000 0.0000
9.1412 0.0000 0.0000 5.3539 0.0000 0.0000 0.0000 0.0000 0.0000 -0.1499 0.0000 0.0000 0.0000
9.1622 0.0000 0.0000 5.3509 0.0000 0.0000 0.0000 0.0000 0.0000 -0.1410 0.0000 0.0000 0.0000
9.1802 0.0000 0.0000 5.3484 0.0000 0.0000 0.0000 0.0000 0.0000 -0.1325 0.0000 0.0000 0.0000
9.2042 0.0000 0.0000 5.3452 0.0000 0.0000 0.0000 0.0000 0.0000 -0.1244 0.0000 0.0000 0.0000
9.2252 0.0000 0.0000 5.3427 0.0000 0.0000 0.0000 0.0000 0.0000 -0.1146 0.0000 0.0000 0.0000
9.2552 0.0000 0.0000 5.3393 0.0000 0.0000 0.0000 0.0000 0.0000 -0.1063 0.0000 0.0000 0.0000
9.2702 0.0000 0.0000 5.3374 0.0000 0.0000 0.0000 0.0000 0.0000 -0.1004 0.0000 0.0000 0.0000
9.2942 0.0000 0.0000 5.3354 0.0000 0.0000 0.0000 0.0000 0.0000 -0.0938 0.0000 0.0000 0.0000
9.3122 0.0000 0.0000 5.3337 0.0000 0.0000 0.0000 0.0000 0.0000 -0.0884 0.0000 0.0000 0.0000
9.3272 0.0000 0.0000 5.3322 0.0000 0.0000 0.0000 0.0000 0.0000 -0.0833 0.0000 0.0000 0.0000
9.3482 0.0000 0.0000 5.3307 0.0000 0.0000 0.0000 0.0000 0.0000 -0.0783 0.0000 0.0000 0.0000
9.3632 0.0000 0.0000 5.3293 0.0000 0.0000 0.0000 0.0000 0.0000 -0.0743 0.0000 0.0000 0.0000
9.3812 0.0000 0.0000 5.3282 0.0000 0.0000 0.0000 0.0000 0.0000 -0.0690 0.0000 0.0000 0.0000
9.4022 0.0000 0.0000 5.3266 0.0000 0.0000 0.0000 0.0000 0.0000 -0.0639 0.0000 0.0000 0.0000
9.4292 0.0000 0.0000 5.3249 0.0000 0.0000 0.0000 0.0000 0.0000 -0.0571 0.0000 0.0000 0.0000
9.4532 0.0000 0.0000 5.3236 0.0000 0.0000 0.0000 0.0000 0.0000 -0.0520 0.0000 0.0000 0.0000
9.4772 0.0000 0.0000 5.3225 0.0000 0.0000 0.0000 0.0000 0.0000 -0.0484 0.0000 0.0000 0.0000
9.4952 0.0000 0.0000 5.3215 0.0000 0.0000 0.0000 0.0000 0.0000 -0.0443 0.0000 0.0000 0.0000
9.5162 0.0000 0.0000 5.3206 0.0000 0.0000 0.0000 0.0000 0.0000 -0.0410 0.0000 0.0000 0.0000
9.5342 0.0000 0.0000 5.3199 0.0000 0.0000 0.0000 0.0000 0.0000 -0.0378 0.0000 0.0000 0.0000
9.5522 0.0000 0.0000 5.3194 0.0000 0.0000 0.0000 0.0000 0.0000 -0.0343 0.0000 0.0000 0.0000
9.5732 0.0000 0.0000 5.3186 0.0000 0.0000 0.0000 0.0000 0.0000 -0.0314 0.0000 0.0000 0.0000
9.5912 0.0000 0.0000 5.3181 0.0000 0.0000 0.0000 0.0000 0.0000 -0.0287 0.0000 0.0000 0.0000
9.6122 0.0000 0.0000 5.3175 0.0000 0.0000 0.0000 0.0000 0.0000 -0.0252 0.0000 0.0000 0.0000
9.6392 0.0000 0.0000 5.3169 0.0000 0.0000 0.0000 0.0000 0.0000 -0.0219 0.0000 0.0000 0.0000
9.6572 0.0000 0.0000 5.3165 0.0000 0.0000 0.0000 0.0000 0.0000 -0.0189 0.0000 0.0000 0.0000
9.6812 0.0000 0.0000 5.3160 0.0000 0.0000 0.0000 0.0000 0.0000 -0.0160 0.0000 0.0000 0.0000
9.7082 0.0000 0.0000 5.3156 0.0000 0.0000 0.0000 0.0000 0.0000 -0.0133 0.0000 0.0000 0.0000
9.7292 0.0000 0.0000 5.3153 0.0000 0.0000 0.0000 0.0000 0.0000 -0.0111 0.0000 0.0000 0.0000
9.7532 0.0000 0.0000 5.3151 0.0000 0.0000 0.0000 0.0000 0.0000 -0.0090 0.0000 0.0000 0.0000
9.7772 0.0000 0.0000 5.3149 0.0000 0.0000 0.0000 0.0000 0.0000 -0.0065 0.0000 0.0000 0.0000
9.7982 0.0000 0.0000 5.3148 0.0000 0.0000 0.0000 0.0000 0.0000 -0.0044 0.0000 0.0000 0.0000
9.8282 0.0000 -0.0000 5.3146 -0.0076 -0.0090 0.0000 0.0002 -0.0002 -0.0228 1.2001 1.0152 -0.0004
9.8552 0.0000 -0.0000 5.3138 -0.0350 -0.0389 0.0007 0.0044 -0.0051 -0.0401 0.7984 0.9964 -0.0045
9.8792 0.0002 -0.0003 5.3130 -0.0558 -0.0546 0.0015 0.0182 -0.0192 -0.0154 0.5046 0.5090 -0.0050
9.9002 0.0008 -0.0008 5.3128 -0.0677 -0.0686 0.0021 0.0304 -0.0312 0.0094 0.7818 0.6585 -0.0054
9.9182 0.0014 -0.0015 5.3132 -0.0792 -0.0809 0.0029 0.0477 -0.0489 0.0409 0.4006 0.5285 -0.0057
9.9422 0.0028 -0.0029 5.3145 -0.0918 -0.0911 0.0038 0.0743 -0.0754 0.0833 0.4090 0.3794 -0.0055
9.9692 0.0050 -0.0051 5.3171 -0.1007 -0.1013 0.0046 0.1003 -0.1014 0.1167 0.3272 0.3407 -0.0053
9.9932 0.0080 -0.0082 5.3206 -0.1099 -0.1096 0.0054 0.1354 -0.1364 0.1519 0.2283 0.2451 -0.0050
10.0262 0.0124 -0.0126 5.3254 -0.1164 -0.1164 0.0060 0.1721 -0.1729 0.1787 0.1842 0.1834 -0.0045
10.0502 0.0167 -0.0169 5.3298 -0.1199 -0.1198 0.0063 0.1984 -0.1990 0.1928 0.1229 0.1413 -0.0042
10.0742 0.0211 -0.0213 5.3339 -0.1229 -0.1226 0.0066 0.2250 -0.2254 0.2034 0.1020 0.0976 -0.0039
10.1012 0.0283 -0.0285 5.3401 -0.1253 -0.1250 0.0068 0.2668 -0.2669 0.2136 0.0480 0.0555 -0.0034
10.1312 0.0367 -0.0369 5.3466 -0.1264 -0.1260 0.0068 0.3010 -0.3008 0.2171 0.0194 0.0186 -0.0030
10.1552 0.0432 -0.0434 5.3512 -0.1267 -0.1263 0.0068 0.3312 -0.3307 0.2172 -0.0075 -0.0054 -0.0028
10.1822 0.0535 -0.0537 5.3577 -0.1263 -0.1258 0.0067 0.3648 -0.3640 0.2146 -0.0285 -0.0285 -0.0025
10.2062 0.0625 -0.0627 5.3628 -0.1256 -0.1251 0.0065 0.3906 -0.3896 0.2109 -0.0431 -0.0438 -0.0023
10.2332 0.0722 -0.0723 5.3678 -0.1243 -0.1237 0.0063 0.4233 -0.4219 0.2045 -0.0597 -0.0603 -0.0020
10.2572 0.0826 -0.0827 5.3726 -0.1227 -0.1222 0.0061 0.4554 -0.4537 0.1967 -0.0707 -0.0725 -0.0019
10.2782 0.0923 -0.0924 5.3767 -0.1212 -0.1206 0.0058 0.4799 -0.4780 0.1899 -0.0796 -0.0814 -0.0017
10.3052 0.1070 -0.1070 5.3823 -0.1189 -0.1183 0.0055 0.5108 -0.5087 0.1804 -0.0893 -0.0918 -0.0016
10.3322 0.1211 -0.1211 5.3871 -0.1164 -0.1158 0.0052 0.5377 -0.5354 0.1716 -0.0956 -0.0983 -0.0014
10.3532 0.1326 -0.1326 5.3906 -0.1143 -0.1137 0.0049 0.5641 -0.5615 0.1625 -0.1005 -0.1035 -0.0013
10.3832 0.1482 -0.1480 5.3949 -0.1112 -0.1106 0.0045 0.5930 -0.5902 0.1522 -0.1046 -0.1079 -0.0012
10.4072 0.1626 -0.1624 5.3985 -0.1086 -0.1080 0.0042 0.6181 -0.6151 0.1431 -0.1074 -0.1108 -0.0011
10.4282 0.1758 -0.1755 5.4014 -0.1062 -0.1057 0.0039 0.6396 -0.6364 0.1352 -0.1090 -0.1126 -0.0011
10.4552 0.1933 -0.1929 5.4050 -0.1032 -0.1028 0.0036 0.6665 -0.6631 0.1252 -0.1104 -0.1140 -0.0010
10.4792 0.2095 -0.2091 5.4079 -0.1005 -0.1001 0.0033 0.6897 -0.6862 0.1167 -0.1109 -0.1146 -0.0009
10.5002 0.2263 -0.2257 5.4106 -0.0981 -0.0977 0.0030 0.7124 -0.7087 0.1083 -0.1110 -0.1147 -0.0009
10.5212 0.2414 -0.2408 5.4128 -0.0953 -0.0950 0.0027 0.7344 -0.7307 0.1004 -0.1106 -0.1142 -0.0008
10.5512 0.2614 -0.2607 5.4155 -0.0923 -0.0920 0.0024 0.7559 -0.7520 0.0927 -0.1099 -0.1134 -0.0008
10.5692 0.2774 -0.2766 5.4174 -0.0899 -0.0897 0.0022 0.7767 -0.7728 0.0854 -0.1088 -0.1123 -0.0007
10.6022 0.3010 -0.3000 5.4199 -0.0866 -0.0864 0.0019 0.7994 -0.7954 0.0776 -0.1071 -0.1104 -0.0007
10.6232 0.3203 -0.3193 5.4217 -0.0840 -0.0838 0.0016 0.8190 -0.8150 0.0710 -0.1054 -0.1087 -0.0006
10.6472 0.3401 -0.3390 5.4233 -0.0817 -0.0816 0.0014 0.8380 -0.8339 0.0648 -0.1036 -0.1067 -0.0006
10.6742 0.3604 -0.3592 5.4248 -0.0788 -0.0788 0.0012 0.8564 -0.8523 0.0590 -0.1016 -0.1046 -0.0006
10.7012 0.3838 -0.3824 5.4263 -0.0764 -0.0764 0.0010 0.8764 -0.8724 0.0528 -0.0993 -0.1021 -0.0005
10.7252 0.4050 -0.4035 5.4276 -0.0736 -0.0737 0.0007 0.8958 -0.8918 0.0471 -0.0968 -0.0995 -0.0005
10.7492 0.4293 -0.4277 5.4288 -0.0713 -0.0714 0.0006 0.9124 -0.9084 0.0423 -0.0946 -0.0971 -0.0005
10.7792 0.4541 -0.4525 5.4299 -0.0684 -0.0686 0.0003 0.9305 -0.9265 0.0373 -0.0920 -0.0943 -0.0005
10.7972 0.4737 -0.4720 5.4306 -0.0664 -0.0666 0.0002 0.9460 -0.9421 0.0332 -0.0896 -0.0918 -0.0004
10.8242 0.4994 -0.4976 5.4315 -0.0640 -0.0642 0.0000 0.9610 -0.9572 0.0294 -0.0876 -0.0896 -0.0004
10.8482 0.5226 -0.5207 5.4322 -0.0619 -0.0621 -0.0001 0.9773 -0.9736 0.0254 -0.0849 -0.0868 -0.0004
10.8722 0.5462 -0.5441 5.4328 -0.0598 -0.0601 -0.0003 0.9913 -0.9877 0.0221 -0.0823 -0.0840 -0.0004
10.9022 0.5730 -0.5709 5.4333 -0.0578 -0.0581 -0.0004 1.0048 -1.0013 0.0190 -0.0799 -0.0815 -0.0003
10.9292 0.6003 -0.5981 5.4338 -0.0554 -0.0558 -0.0005 1.0194 -1.0161 0.0159 -0.0773 -0.0788 -0.0003
10.9472 0.6218 -0.6195 5.4341 -0.0540 -0.0544 -0.0006 1.0305 -1.0272 0.0136 -0.0753 -0.0767 -0.0003
10.9712 0.6435 -0.6412 5.4344 -0.0522 -0.0526 -0.0007 1.0427 -1.0395 0.0112 -0.0731 -0.0743 -0.0003
11.0012 0.6749 -0.6725 5.4347 -0.0500 -0.0504 -0.0008 1.0559 -1.0529 0.0087 -0.0706 -0.0717 -0.0003
11.0312 0.7068 -0.7043 5.4349 -0.0479 -0.0483 -0.0010 1.0714 -1.0685 0.0059 -0.0679 -0.0688 -0.0003
11.0522 0.7293 -0.7268 5.4350 -0.0464 -0.0469 -0.0010 1.0795 -1.0767 0.0046 -0.0658 -0.0666 -0.0002
11.0792 0.7586 -0.7560 5.4352 -0.0446 -0.0451 -0.0011 1.0926 -1.0900 0.0025 -0.0637 -0.0645 -0.0002
11.1062 0.7915 -0.7888 5.4352 -0.0427 -0.0433 -0.0012 1.1051 -1.1027 0.0006 -0.0609 -0.0616 -0.0002
11.1392 0.8248 -0.8220 5.4352 -0.0409 -0.0414 -0.0013 1.1160 -1.1137 -0.0009 -0.0588 -0.0593 -0.0002
11.1602 0.8483 -0.8454 5.4352 -0.0397 -0.0402 -0.0013 1.1241 -1.1219 -0.0020 -0.0571 -0.0576 -0.0002
11.1812 0.8753 -0.8724 5.4351 -0.0385 -0.0390 -0.0014 1.1319 -1.1299 -0.0030 -0.0555 -0.0559 -0.0002
11.2082 0.9026 -0.8997 5.4350 -0.0370 -0.0376 -0.0015 1.1428 -1.1409 -0.0043 -0.0532 -0.0536 -0.0002
11.2322 0.9335 -0.9305 5.4349 -0.0356 -0.0361 -0.0015 1.1521 -1.1504 -0.0053 -0.0515 -0.0517 -0.0002
11.2562 0.9577 -0.9547 5.4348 -0.0345 -0.0351 -0.0016 1.1581 -1.1565 -0.0060 -0.0500 -0.0502 -0.0002
11.2832 0.9891 -0.9860 5.4346 -0.0333 -0.0339 -0.0016 1.1668 -1.1654 -0.0068 -0.0484 -0.0485 -0.0001
11.3102 1.0242 -1.0211 5.4344 -0.0319 -0.0324 -0.0017 1.1761 -1.1749 -0.0077 -0.0462 -0.0463 -0.0001
11.3342 1.0525 -1.0494 5.4342 -0.0307 -0.0312 -0.0017 1.1832 -1.1821 -0.0083 -0.0447 -0.0447 -0.0001
11.3582 1.0810 -1.0778 5.4340 -0.0297 -0.0303 -0.0017 1.1893 -1.1883 -0.0088 -0.0434 -0.0433 -0.0001
11.3822 1.1060 -1.1028 5.4338 -0.0287 -0.0293 -0.0018 1.1959 -1.1951 -0.0092 -0.0419 -0.0418 -0.0001
11.4032 1.1312 -1.1280 5.4336 -0.0278 -0.0284 -0.0018 1.2016 -1.2008 -0.0096 -0.0407 -0.0406 -0.0001
11.4242 1.1564 -1.1532 5.4334 -0.0270 -0.0275 -0.0018 1.2070 -1.2064 -0.0100 -0.0395 -0.0393 -0.0001
11.4422 1.1782 -1.1750 5.4333 -0.0263 -0.0268 -0.0018 1.2115 -1.2111 -0.0102 -0.0385 -0.0383 -0.0001
11.4692 1.2110 -1.2078 5.4330 -0.0253 -0.0258 -0.0019 1.2181 -1.2178 -0.0106 -0.0370 -0.0368 -0.0001
11.4962 1.2476 -1.2444 5.4327 -0.0242 -0.0247 -0.0019 1.2258 -1.2256 -0.0109 -0.0355 -0.0352 -0.0001
11.5232 1.2771 -1.2738 5.4324 -0.0234 -0.0239 -0.0019 1.2311 -1.2311 -0.0111 -0.0343 -0.0340 -0.0001
11.5442 1.3066 -1.3034 5.4321 -0.0226 -0.0232 -0.0019 1.2357 -1.2357 -0.0113 -0.0332 -0.0328 -0.0001
11.5682 1.3363 -1.3331 5.4318 -0.0219 -0.0224 -0.0020 1.2400 -1.2402 -0.0114 -0.0322 -0.0318 -0.0001
11.5892 1.3587 -1.3555 5.4316 -0.0212 -0.0217 -0.0020 1.2448 -1.2451 -0.0115 -0.0312 -0.0309 -0.0001
11.6072 1.3849 -1.3816 5.4314 -0.0207 -0.0211 -0.0020 1.2478 -1.2481 -0.0116 -0.0305 -0.0301 -0.0001
11.6282 1.4111 -1.4079 5.4312 -0.0200 -0.0205 -0.0020 1.2518 -1.2522 -0.0117 -0.0296 -0.0291 -0.0001
11.6522 1.4412 -1.4380 5.4309 -0.0193 -0.0197 -0.0020 1.2567 -1.2573 -0.0118 -0.0284 -0.0280 -0.0001
11.6762 1.4714 -1.4682 5.4306 -0.0186 -0.0190 -0.0020 1.2609 -1.2616 -0.0118 -0.0275 -0.0270 -0.0001
11.7032 1.5055 -1.5023 5.4303 -0.0179 -0.0183 -0.0020 1.2660 -1.2668 -0.0118 -0.0263 -0.0259 -0.0000
11.7303 1.5359 -1.5327 5.4300 -0.0173 -0.0177 -0.0021 1.2703 -1.2712 -0.0118 -0.0253 -0.0249 -0.0000
11.7633 1.5817 -1.5786 5.4296 -0.0164 -0.0169 -0.0021 1.2749 -1.2760 -0.0118 -0.0243 -0.0238 -0.0000
11.7903 1.6161 -1.6131 5.4292 -0.0157 -0.0161 -0.0021 1.2789 -1.2801 -0.0118 -0.0233 -0.0228 -0.0000
11.8233 1.6584 -1.6554 5.4289 -0.0150 -0.0154 -0.0021 1.2835 -1.2848 -0.0117 -0.0222 -0.0217 -0.0000
11.8533 1.6970 -1.6940 5.4285 -0.0144 -0.0148 -0.0021 1.2875 -1.2889 -0.0116 -0.0213 -0.0208 -0.0000
11.8773 1.7240 -1.7211 5.4283 -0.0139 -0.0143 -0.0021 1.2902 -1.2917 -0.0115 -0.0207 -0.0202 -0.0000
11.9013 1.7550 -1.7521 5.4280 -0.0135 -0.0138 -0.0021 1.2936 -1.2951 -0.0115 -0.0199 -0.0194 -0.0000
11.9313 1.7978 -1.7949 5.4276 -0.0129 -0.0132 -0.0021 1.2971 -1.2987 -0.0113 -0.0191 -0.0185 -0.0000
11.9613 1.8367 -1.8339 5.4273 -0.0123 -0.0126 -0.0021 1.3005 -1.3022 -0.0112 -0.0183 -0.0178 -0.0000
11.9913 1.8758 -1.8730 5.4269 -0.0118 -0.0120 -0.0021 1.3037 -1.3055 -0.0111 -0.0176 -0.0171 -0.0000
12.0153 1.9032 -1.9004 5.4267 -0.0114 -0.0117 -0.0022 1.3059 -1.3077 -0.0110 -0.0170 -0.0165 -0.0000
12.0423 1.9384 -1.9357 5.4264 -0.0110 -0.0112 -0.0022 1.3088 -1.3107 -0.0109 -0.0163 -0.0158 -0.0000
12.0723 1.9817 -1.9790 5.4261 -0.0105 -0.0107 -0.0022 1.3119 -1.3139 -0.0107 -0.0155 -0.0150 -0.0000
12.1083 2.0289 -2.0264 5.4257 -0.0100 -0.0102 -0.0022 1.3151 -1.3171 -0.0105 -0.0148 -0.0143 -0.0000
12.1383 2.0684 -2.0659 5.4254 -0.0095 -0.0097 -0.0022 1.3176 -1.3197 -0.0104 -0.0142 -0.0137 -0.0000
12.1683 2.1040 -2.1016 5.4251 -0.0092 -0.0094 -0.0022 1.3195 -1.3216 -0.0102 -0.0137 -0.0132 -0.0000
12.1893 2.1357 -2.1333 5.4248 -0.0089 -0.0091 -0.0022 1.3214 -1.3235 -0.0101 -0.0133 -0.0128 -0.0000
12.2103 2.1634 -2.1611 5.4246 -0.0086 -0.0087 -0.0022 1.3229 -1.3251 -0.0100 -0.0128 -0.0123 -0.0000
12.2343 2.1952 -2.1929 5.4244 -0.0083 -0.0085 -0.0022 1.3246 -1.3268 -0.0099 -0.0124 -0.0119 -0.0000
12.2583 2.2270 -2.2248 5.4242 -0.0080 -0.0082 -0.0022 1.3263 -1.3285 -0.0097 -0.0120 -0.0115 -0.0000
12.2853 2.2629 -2.2607 5.4239 -0.0077 -0.0079 -0.0022 1.3278 -1.3301 -0.0096 -0.0116 -0.0111 -0.0000
12.3123 2.2947 -2.2926 5.4237 -0.0074 -0.0075 -0.0022 1.3295 -1.3318 -0.0095 -0.0111 -0.0107 -0.0000
12.3393 2.3346 -2.3326 5.4234 -0.0071 -0.0072 -0.0022 1.3313 -1.3336 -0.0093 -0.0107 -0.0102 -0.0000
12.3693 2.3706 -2.3686 5.4231 -0.0069 -0.0070 -0.0022 1.3329 -1.3352 -0.0092 -0.0103 -0.0098 -0.0000
12.3933 2.4066 -2.4047 5.4229 -0.0066 -0.0067 -0.0022 1.3343 -1.3366 -0.0090 -0.0099 -0.0094 -0.0000
12.4203 2.4386 -2.4368 5.4227 -0.0064 -0.0064 -0.0022 1.3356 -1.3379 -0.0089 -0.0095 -0.0091 -0.0000
12.4413 2.4667 -2.4649 5.4225 -0.0062 -0.0062 -0.0022 1.3366 -1.3389 -0.0088 -0.0093 -0.0088 -0.0000
12.4653 2.4988 -2.4970 5.4223 -0.0060 -0.0060 -0.0022 1.3379 -1.3402 -0.0086 -0.0089 -0.0085 -0.0000
12.4893 2.5349 -2.5332 5.4220 -0.0057 -0.0058 -0.0022 1.3392 -1.3415 -0.0085 -0.0086 -0.0082 -0.0000
12.5193 2.5751 -2.5735 5.4218 -0.0055 -0.0055 -0.0022 1.3404 -1.3427 -0.0084 -0.0082 -0.0079 -0.0000
12.5523 2.6194 -2.6178 5.4215 -0.0052 -0.0053 -0.0022 1.3418 -1.3441 -0.0082 -0.0078 -0.0075 -0.0000
12.5913 2.6677 -2.6662 5.4212 -0.0050 -0.0050 -0.0022 1.3432 -1.3454 -0.0080 -0.0075 -0.0071 -0.0000
12.6213 2.7080 -2.7066 5.4210 -0.0048 -0.0048 -0.0022 1.3441 -1.3464 -0.0079 -0.0072 -0.0069 -0.0000
12.6483 2.7483 -2.7470 5.4207 -0.0046 -0.0046 -0.0022 1.3452 -1.3474 -0.0078 -0.0069 -0.0065 -0.0000
12.6783 2.7847 -2.7834 5.4205 -0.0044 -0.0044 -0.0022 1.3460 -1.3482 -0.0076 -0.0066 -0.0063 -0.0000
12.7053 2.8210 -2.8198 5.4203 -0.0042 -0.0042 -0.0022 1.3468 -1.3490 -0.0075 -0.0064 -0.0061 -0.0000
12.7263 2.8533 -2.8522 5.4202 -0.0041 -0.0040 -0.0022 1.3476 -1.3497 -0.0074 -0.0061 -0.0058 -0.0000
12.7563 2.8938 -2.8927 5.4199 -0.0039 -0.0039 -0.0022 1.3483 -1.3504 -0.0073 -0.0059 -0.0056 -0.0000
12.7803 2.9221 -2.9210 5.4198 -0.0038 -0.0037 -0.0022 1.3489 -1.3510 -0.0072 -0.0057 -0.0055 -0.0000
12.8043 2.9545 -2.9535 5.4196 -0.0036 -0.0036 -0.0022 1.3495 -1.3515 -0.0071 -0.0055 -0.0053 -0.0000
12.8253 2.9828 -2.9818 5.4195 -0.0035 -0.0035 -0.0022 1.3500 -1.3521 -0.0070 -0.0053 -0.0051 -0.0000
12.8553 3.0274 -3.0265 5.4192 -0.0034 -0.0033 -0.0022 1.3507 -1.3527 -0.0069 -0.0051 -0.0049 -0.0000
12.8853 3.0679 -3.0671 5.4190 -0.0032 -0.0032 -0.0022 1.3513 -1.3532 -0.0068 -0.0049 -0.0047 -0.0000
12.9123 3.1044 -3.1036 5.4188 -0.0031 -0.0030 -0.0022 1.3518 -1.3537 -0.0067 -0.0047 -0.0045 -0.0000
12.9423 3.1450 -3.1442 5.4186 -0.0030 -0.0029 -0.0022 1.3524 -1.3543 -0.0066 -0.0045 -0.0043 -0.0000
12.9753 3.1896 -3.1889 5.4184 -0.0028 -0.0028 -0.0022 1.3530 -1.3548 -0.0064 -0.0043 -0.0041 -0.0000
13.0023 3.2261 -3.2255 5.4183 -0.0027 -0.0026 -0.0022 1.3533 -1.3551 -0.0064 -0.0041 -0.0040 -0.0000
13.0323 3.2667 -3.2662 5.4181 -0.0026 -0.0025 -0.0022 1.3538 -1.3555 -0.0063 -0.0040 -0.0038 -0.0000
13.0623 3.3033 -3.3028 5.4179 -0.0025 -0.0024 -0.0022 1.3541 -1.3558 -0.0062 -0.0038 -0.0037 -0.0000
13.0833 3.3358 -3.3353 5.4178 -0.0024 -0.0023 -0.0022 1.3544 -1.3560 -0.0061 -0.0037 -0.0036 -0.0000
13.1043 3.3602 -3.3597 5.4176 -0.0024 -0.0023 -0.0022 1.3547 -1.3562 -0.0060 -0.0035 -0.0034 -0.0000
13.1283 3.3968 -3.3963 5.4175 -0.0023 -0.0022 -0.0022 1.3549 -1.3564 -0.0059 -0.0034 -0.0034 -0.0000
13.1613 3.4374 -3.4370 5.4173 -0.0022 -0.0021 -0.0022 1.3552 -1.3567 -0.0059 -0.0033 -0.0032 -0.0000
13.1853 3.4699 -3.4696 5.4172 -0.0021 -0.0020 -0.0022 1.3554 -1.3568 -0.0058 -0.0032 -0.0031 -0.0000
13.2093 3.5065 -3.5062 5.4170 -0.0020 -0.0019 -0.0022 1.3556 -1.3570 -0.0057 -0.0031 -0.0030 -0.0000
13.2303 3.5350 -3.5347 5.4169 -0.0019 -0.0018 -0.0022 1.3558 -1.3571 -0.0056 -0.0029 -0.0029 -0.0000
13.2573 3.5716 -3.5714 5.4167 -0.0019 -0.0018 -0.0022 1.3560 -1.3572 -0.0056 -0.0028 -0.0028 -0.0000
13.2843 3.6042 -3.6039 5.4166 -0.0018 -0.0017 -0.0022 1.3561 -1.3573 -0.0055 -0.0027 -0.0027 -0.0000
13.3143 3.6489 -3.6487 5.4164 -0.0017 -0.0016 -0.0022 1.3563 -1.3574 -0.0054 -0.0026 -0.0026 -0.0000
13.3443 3.6896 -3.6895 5.4163 -0.0016 -0.0015 -0.0022 1.3564 -1.3575 -0.0053 -0.0025 -0.0025 -0.0000
13.3803 3.7344 -3.7343 5.4161 -0.0015 -0.0014 -0.0022 1.3565 -1.3576 -0.0053 -0.0024 -0.0024 -0.0000
13.4133 3.7832 -3.7831 5.4159 -0.0015 -0.0014 -0.0022 1.3566 -1.3576 -0.0052 -0.0023 -0.0023 -0.0000
13.4433 3.8198 -3.8198 5.4158 -0.0014 -0.0013 -0.0022 1.3567 -1.3576 -0.0051 -0.0021 -0.0022 -0.0000
13.4733 3.8646 -3.8646 5.4156 -0.0013 -0.0012 -0.0022 1.3567 -1.3576 -0.0051 -0.0021 -0.0021 -0.0000
13.5033 3.9053 -3.9053 5.4154 -0.0013 -0.0012 -0.0022 1.3568 -1.3576 -0.0050 -0.0020 -0.0020 -0.0000
13.5303 3.9420 -3.9420 5.4153 -0.0012 -0.0011 -0.0022 1.3568 -1.3575 -0.0049 -0.0021 -0.0021 -0.0000
13.5573 3.9745 -3.9746 5.4152 -0.0012 -0.0011 -0.0022 1.3568 -1.3575 -0.0049 -0.0032 -0.0031 -0.0000
13.5783 4.0071 -4.0071 5.4151 -0.0011 -0.0010 -0.0022 1.3567 -1.3574 -0.0048 -0.0058 -0.0057 -0.0000
13.6083 4.0437 -4.0438 5.4149 -0.0009 -0.0008 -0.0022 1.3567 -1.3573 -0.0048 -0.0070 -0.0071 -0.0000
13.6353 4.0844 -4.0845 5.4148 -0.0006 -0.0005 -0.0022 1.3565 -1.3571 -0.0047 -0.0095 -0.0095 -0.0000
13.6653 4.1210 -4.1211 5.4147 -0.0004 -0.0003 -0.0022 1.3564 -1.3569 -0.0047 -0.0108 -0.0109 -0.0000
13.6893 4.1577 -4.1578 5.4145 -0.0001 0.0000 -0.0022 1.3561 -1.3565 -0.0046 -0.0127 -0.0128 -0.0000
13.7163 4.1943 -4.1944 5.4144 0.0003 0.0004 -0.0022 1.3558 -1.3561 -0.0046 -0.0146 -0.0147 -0.0000
13.7463 4.2349 -4.2351 5.4143 0.0007 0.0008 -0.0022 1.3553 -1.3556 -0.0045 -0.0173 -0.0173 -0.0000
13.7763 4.2756 -4.2757 5.4141 0.0013 0.0014 -0.0022 1.3545 -1.3548 -0.0045 -0.0193 -0.0195 -0.0000
13.8123 4.3243 -4.3245 5.4140 0.0020 0.0021 -0.0022 1.3536 -1.3538 -0.0044 -0.0234 -0.0235 -0.0000
13.8453 4.3690 -4.3692 5.4138 0.0028 0.0029 -0.0022 1.3524 -1.3526 -0.0042 -0.0271 -0.0272 -0.0000
13.8813 4.4136 -4.4138 5.4137 0.0039 0.0039 -0.0022 1.3508 -1.3509 -0.0040 -0.0315 -0.0316 -0.0000
13.9083 4.4541 -4.4543 5.4136 0.0049 0.0049 -0.0022 1.3492 -1.3492 -0.0038 -0.0368 -0.0369 -0.0000
13.9413 4.4986 -4.4988 5.4135 0.0062 0.0063 -0.0022 1.3470 -1.3470 -0.0035 -0.0436 -0.0438 -0.0000
13.9803 4.5511 -4.5513 5.4133 0.0080 0.0081 -0.0022 1.3439 -1.3437 -0.0029 -0.0543 -0.0544 -0.0000
14.0223 4.6035 -4.6036 5.4132 0.0104 0.0104 -0.0022 1.3402 -1.3400 -0.0020 -0.0682 -0.0681 -0.0000
14.0523 4.6477 -4.6478 5.4132 0.0128 0.0128 -0.0021 1.3362 -1.3359 -0.0009 -0.0810 -0.0812 -0.0000
14.0853 4.6877 -4.6878 5.4132 0.0154 0.0155 -0.0021 1.3318 -1.3314 0.0006 -0.1002 -0.0998 -0.0001
14.1123 4.7276 -4.7277 5.4132 0.0183 0.0183 -0.0021 1.3265 -1.3261 0.0028 -0.1164 -0.1164 -0.0001
14.1423 4.7673 -4.7674 5.4133 0.0225 0.0226 -0.0020 1.3195 -1.3190 0.0063 -0.1506 -0.1501 -0.0001
14.1783 4.8147 -4.8148 5.4136 0.0277 0.0278 -0.0019 1.3109 -1.3103 0.0122 -0.3157 -0.2946 -0.0002
14.2083 4.8539 -4.8540 5.4143 0.0464 0.0485 -0.0012 1.2994 -1.2985 0.0401 -0.8991 -0.9146 -0.0020
14.2353 4.8850 -4.8850 5.4155 0.0664 0.0662 -0.0001 1.2838 -1.2824 0.0741 -0.3190 -0.4312 -0.0027
14.2593 4.9194 -4.9194 5.4180 0.0764 0.0761 0.0006 1.2619 -1.2606 0.1154 -0.5560 -0.4636 -0.0029
14.2803 4.9458 -4.9457 5.4206 0.0862 0.0869 0.0013 1.2425 -1.2411 0.1437 -0.3270 -0.3986 -0.0031
14.3103 4.9827 -4.9826 5.4254 0.0973 0.0966 0.0023 1.2118 -1.2104 0.1798 -0.2974 -0.2703 -0.0030
14.3373 5.0151 -5.0150 5.4305 0.1043 0.1042 0.0029 1.1823 -1.1810 0.2051 -0.2079 -0.2284 -0.0029
14.3733 5.0570 -5.0569 5.4383 0.1111 0.1103 0.0035 1.1412 -1.1400 0.2296 -0.1519 -0.1430 -0.0026
14.4063 5.0909 -5.0907 5.4454 0.1148 0.1142 0.0039 1.1026 -1.1016 0.2432 -0.0860 -0.0981 -0.0023
14.4363 5.1237 -5.1235 5.4524 0.1173 0.1166 0.0041 1.0719 -1.0712 0.2086 -0.0863 -0.0797 -0.0021
14.4663 5.1587 -5.1584 5.4589 0.1198 0.1192 0.0043 1.0405 -1.0400 0.1753 -0.0732 -0.0789 -0.0018
14.4933 5.1865 -5.1862 5.4634 0.1220 0.1213 0.0045 1.0105 -1.0102 0.1548 -0.0702 -0.0699 -0.0017
14.5143 5.2075 -5.2072 5.4665 0.1232 0.1226 0.0047 0.9864 -0.9862 0.1426 -0.0679 -0.0670 -0.0016
14.5383 5.2280 -5.2278 5.4694 0.1246 0.1240 0.0048 0.9618 -0.9618 0.1324 -0.0596 -0.0620 -0.0014
14.5563 5.2452 -5.2450 5.4718 0.1259 0.1252 0.0049 0.9403 -0.9404 0.1248 -0.0564 -0.0563 -0.0013
14.5863 5.2730 -5.2727 5.4754 0.1275 0.1268 0.0051 0.9040 -0.9044 0.1134 -0.0488 -0.0494 -0.0012
14.6103 5.2970 -5.2968 5.4783 0.1287 0.1281 0.0052 0.8671 -0.8677 0.1029 -0.0418 -0.0418 -0.0011
14.6403 5.3227 -5.3225 5.4813 0.1298 0.1292 0.0053 0.8373 -0.8381 0.0947 -0.0359 -0.0358 -0.0010
14.6643 5.3425 -5.3423 5.4835 0.1306 0.1300 0.0054 0.8073 -0.8083 0.0865 -0.0299 -0.0298 -0.0009
14.6883 5.3638 -5.3636 5.4857 0.1313 0.1308 0.0055 0.7696 -0.7709 0.0763 -0.0235 -0.0230 -0.0008
14.7153 5.3820 -5.3819 5.4875 0.1318 0.1313 0.0055 0.7393 -0.7407 0.0681 -0.0169 -0.0163 -0.0007
14.7423 5.4016 -5.4015 5.4892 0.1322 0.1317 0.0056 0.7089 -0.7105 0.0598 -0.0112 -0.0104 -0.0006
14.7633 5.4162 -5.4162 5.4904 0.1324 0.1319 0.0056 0.6785 -0.6802 0.0515 -0.0062 -0.0053 -0.0006
14.7843 5.4283 -5.4283 5.4913 0.1325 0.1320 0.0056 0.6556 -0.6575 0.0453 -0.0013 -0.0003 -0.0005
14.8053 5.4438 -5.4438 5.4923 0.1324 0.1320 0.0056 0.6213 -0.6234 0.0359 0.0048 0.0061 -0.0005
14.8323 5.4603 -5.4604 5.4932 0.1322 0.1318 0.0055 0.5908 -0.5931 0.0276 0.0096 0.0110 -0.0004
14.8623 5.4759 -5.4760 5.4939 0.1318 0.1314 0.0055 0.5528 -0.5553 0.0174 0.0162 0.0178 -0.0004
14.8893 5.4905 -5.4908 5.4943 0.1313 0.1309 0.0054 0.5188 -0.5214 0.0084 0.0226 0.0245 -0.0004
14.9193 5.5058 -5.5061 5.4944 0.1305 0.1302 0.0053 0.4848 -0.4876 -0.0004 0.0283 0.0303 -0.0003
14.9403 5.5171 -5.5175 5.4943 0.1297 0.1294 0.0052 0.4548 -0.4577 -0.0080 0.0332 0.0353 -0.0003
14.9673 5.5291 -5.5295 5.4940 0.1287 0.1285 0.0050 0.4175 -0.4206 -0.0172 0.0385 0.0408 -0.0003
14.9943 5.5401 -5.5406 5.4935 0.1276 0.1274 0.0049 0.3879 -0.3911 -0.0243 0.0437 0.0461 -0.0002
15.0213 5.5491 -5.5497 5.4929 0.1266 0.1264 0.0047 0.3585 -0.3618 -0.0311 0.0476 0.0501 -0.0002
15.0453 5.5585 -5.5592 5.4920 0.1252 0.1250 0.0045 0.3258 -0.3291 -0.0383 0.0536 0.0562 -0.0002
15.0753 5.5678 -5.5686 5.4907 0.1235 0.1234 0.0043 0.2897 -0.2932 -0.0459 0.0578 0.0605 -0.0002
15.0993 5.5745 -5.5754 5.4896 0.1218 0.1217 0.0041 0.2613 -0.2648 -0.0516 0.0623 0.0651 -0.0002
15.1323 5.5819 -5.5829 5.4879 0.1198 0.1198 0.0039 0.2261 -0.2297 -0.0581 0.0671 0.0700 -0.0002
15.1593 5.5883 -5.5894 5.4861 0.1179 0.1179 0.0036 0.1915 -0.1951 -0.0641 0.0717 0.0747 -0.0002
15.1863 5.5931 -5.5943 5.4843 0.1159 0.1159 0.0034 0.1643 -0.1679 -0.0684 0.0753 0.0782 -0.0002
15.2133 5.5972 -5.5984 5.4824 0.1137 0.1138 0.0031 0.1341 -0.1377 -0.0728 0.0791 0.0821 -0.0002
15.2463 5.6007 -5.6021 5.4802 0.1110 0.1111 0.0028 0.0979 -0.1014 -0.0775 0.0835 0.0865 -0.0002
15.2733 5.6032 -5.6047 5.4778 0.1086 0.1088 0.0025 0.0657 -0.0692 -0.0811 0.0873 0.0903 -0.0002
15.3063 5.6049 -5.6065 5.4751 0.1054 0.1055 0.0022 0.0312 -0.0346 -0.0842 0.0912 0.0941 -0.0002
15.3333 5.6055 -5.6072 5.4728 0.1031 0.1033 0.0019 0.0066 -0.0100 -0.0861 0.0939 0.0968 -0.0002
15.3663 5.6051 -5.6070 5.4699 0.0996 0.0998 0.0016 -0.0322 0.0290 -0.0882 0.0976 0.1005 -0.0002
15.3963 5.6041 -5.6060 5.4675 0.0968 0.0971 0.0013 -0.0554 0.0523 -0.0890 0.1003 0.1030 -0.0002
15.4203 5.6025 -5.6045 5.4654 0.0944 0.0947 0.0011 -0.0808 0.0778 -0.0895 0.1024 0.1051 -0.0002
15.4503 5.5999 -5.6019 5.4627 0.0912 0.0915 0.0007 -0.1082 0.1054 -0.0894 0.1052 0.1077 -0.0002
15.4833 5.5956 -5.5978 5.4595 0.0873 0.0877 0.0004 -0.1399 0.1373 -0.0886 0.1077 0.1101 -0.0002
15.5163 5.5907 -5.5929 5.4566 0.0840 0.0844 0.0001 -0.1652 0.1629 -0.0874 0.1097 0.1120 -0.0002
15.5403 5.5865 -5.5888 5.4545 0.0810 0.0814 -0.0002 -0.1848 0.1827 -0.0861 0.1114 0.1135 -0.0002
15.5673 5.5819 -5.5843 5.4524 0.0786 0.0791 -0.0004 -0.2038 0.2018 -0.0845 0.1125 0.1146 -0.0002
15.5883 5.5775 -5.5799 5.4507 0.0758 0.0763 -0.0006 -0.2199 0.2181 -0.0828 0.1137 0.1156 -0.0002
15.6153 5.5714 -5.5738 5.4485 0.0727 0.0732 -0.0008 -0.2398 0.2382 -0.0804 0.1149 0.1167 -0.0002
15.6453 5.5639 -5.5664 5.4461 0.0695 0.0701 -0.0011 -0.2610 0.2597 -0.0774 0.1160 0.1176 -0.0003
15.6813 5.5542 -5.5567 5.4434 0.0650 0.0655 -0.0014 -0.2890 0.2880 -0.0726 0.1171 0.1185 -0.0003
15.7113 5.5445 -5.5470 5.4410 0.0611 0.0616 -0.0016 -0.3059 0.3051 -0.0691 0.1176 0.1189 -0.0003
15.7413 5.5351 -5.5377 5.4390 0.0575 0.0581 -0.0019 -0.3253 0.3249 -0.0647 0.1180 0.1191 -0.0003
15.7713 5.5262 -5.5288 5.4373 0.0546 0.0553 -0.0020 -0.3387 0.3385 -0.0613 0.1182 0.1192 -0.0003
15.8013 5.5148 -5.5174 5.4353 0.0504 0.0510 -0.0023 -0.3574 0.3575 -0.0560 0.1182 0.1189 -0.0003
15.8343 5.5039 -5.5065 5.4337 0.0468 0.0474 -0.0024 -0.3719 0.3723 -0.0514 0.1179 0.1185 -0.0003
15.8613 5.4926 -5.4952 5.4322 0.0432 0.0439 -0.0026 -0.3853 0.3860 -0.0467 0.1175 0.1180 -0.0003
15.8913 5.4810 -5.4835 5.4308 0.0401 0.0407 -0.0028 -0.3965 0.3974 -0.0425 0.1169 0.1173 -0.0003
15.9153 5.4714 -5.4739 5.4298 0.0373 0.0379 -0.0029 -0.4057 0.4068 -0.0386 0.1163 0.1165 -0.0003
15.9393 5.4616 -5.4641 5.4289 0.0341 0.0348 -0.0030 -0.4142 0.4155 -0.0348 0.1156 0.1157 -0.0003
15.9723 5.4477 -5.4502 5.4278 0.0307 0.0313 -0.0031 -0.4248 0.4264 -0.0295 0.1143 0.1143 -0.0003
16.0083 5.4336 -5.4360 5.4269 0.0266 0.0272 -0.0033 -0.4350 0.4369 -0.0239 0.1128 0.1126 -0.0003
16.0353 5.4205 -5.4228 5.4263 0.0232 0.0239 -0.0034 -0.4424 0.4446 -0.0192 0.1113 0.1110 -0.0003
16.0683 5.4058 -5.4081 5.4257 0.0199 0.0205 -0.0034 -0.4488 0.4512 -0.0147 0.1094 0.1090 -0.0003
16.0983 5.3923 -5.3944 5.4253 0.0164 0.0169 -0.0035 -0.4547 0.4573 -0.0099 0.1076 0.1071 -0.0003
16.1313 5.3786 -5.3807 5.4250 0.0132 0.0137 -0.0036 -0.4587 0.4614 -0.0061 0.1056 0.1050 -0.0003
16.1643 5.3634 -5.3654 5.4249 0.0097 0.0103 -0.0036 -0.4625 0.4654 -0.0016 0.1032 0.1026 -0.0003
16.1883 5.3523 -5.3542 5.4249 0.0073 0.0078 -0.0037 -0.4647 0.4679 0.0018 0.1014 0.1007 -0.0003
16.2153 5.3397 -5.3416 5.4250 0.0046 0.0051 -0.0037 -0.4663 0.4696 0.0051 0.0993 0.0985 -0.0003
16.2453 5.3243 -5.3261 5.4252 0.0014 0.0019 -0.0037 -0.4672 0.4706 0.0086 0.0965 0.0957 -0.0003
16.2783 5.3089 -5.3105 5.4255 -0.0015 -0.0010 -0.0037 -0.4671 0.4708 0.0121 0.0939 0.0930 -0.0003
16.3023 5.2977 -5.2992 5.4258 -0.0039 -0.0035 -0.0037 -0.4664 0.4701 0.0148 0.0909 0.0900 -0.0003
16.3383 5.2809 -5.2823 5.4264 -0.0069 -0.0065 -0.0037 -0.4646 0.4684 0.0177 0.0884 0.0874 -0.0003
16.3623 5.2698 -5.2711 5.4268 -0.0090 -0.0086 -0.0037 -0.4627 0.4666 0.0197 0.0861 0.0851 -0.0002
16.3863 5.2601 -5.2613 5.4273 -0.0110 -0.0106 -0.0037 -0.4606 0.4646 0.0213 0.0837 0.0827 -0.0002
16.4104 5.2490 -5.2502 5.4278 -0.0130 -0.0126 -0.0037 -0.4578 0.4618 0.0229 0.0813 0.0803 -0.0002
16.4374 5.2367 -5.2377 5.4284 -0.0149 -0.0145 -0.0036 -0.4541 0.4582 0.0246 0.0785 0.0775 -0.0002
16.4584 5.2259 -5.2268 5.4290 -0.0169 -0.0166 -0.0036 -0.4498 0.4540 0.0261 0.0757 0.0747 -0.0002
16.4944 5.2111 -5.2119 5.4299 -0.0191 -0.0189 -0.0036 -0.4445 0.4487 0.0274 0.0728 0.0718 -0.0002
16.5154 5.2018 -5.2025 5.4305 -0.0208 -0.0206 -0.0036 -0.4404 0.4446 0.0282 0.0706 0.0696 -0.0002
16.5454 5.1886 -5.1892 5.4313 -0.0229 -0.0227 -0.0035 -0.4333 0.4375 0.0293 0.0666 0.0657 -0.0002
16.5724 5.1757 -5.1761 5.4322 -0.0246 -0.0245 -0.0035 -0.4270 0.4312 0.0299 0.0640 0.0631 -0.0002
16.5964 5.1655 -5.1658 5.4329 -0.0261 -0.0260 -0.0034 -0.4210 0.4252 0.0303 0.0614 0.0604 -0.0002
16.6264 5.1542 -5.1544 5.4338 -0.0277 -0.0276 -0.0034 -0.4138 0.4180 0.0305 0.0584 0.0575 -0.0002
16.6504 5.1443 -5.1445 5.4345 -0.0292 -0.0291 -0.0034 -0.4071 0.4113 0.0306 0.0557 0.0548 -0.0002
16.6744 5.1334 -5.1334 5.4353 -0.0307 -0.0306 -0.0033 -0.3983 0.4025 0.0306 0.0520 0.0512 -0.0001
16.7104 5.1192 -5.1191 5.4364 -0.0325 -0.0324 -0.0033 -0.3881 0.3922 0.0302 0.0484 0.0475 -0.0001
16.7434 5.1066 -5.1063 5.4374 -0.0339 -0.0338 -0.0032 -0.3774 0.3815 0.0297 0.0450 0.0442 -0.0001
16.7764 5.0943 -5.0939 5.4384 -0.0354 -0.0354 -0.0032 -0.3663 0.3702 0.0290 0.0410 0.0403 -0.0001
16.8064 5.0845 -5.0840 5.4392 -0.0364 -0.0365 -0.0032 -0.3568 0.3607 0.0283 0.0381 0.0373 -0.0001
16.8364 5.0728 -5.0722 5.4401 -0.0376 -0.0377 -0.0031 -0.3449 0.3487 0.0272 0.0345 0.0338 -0.0001
16.8604 5.0646 -5.0639 5.4407 -0.0384 -0.0385 -0.0031 -0.3360 0.3397 0.0263 0.0319 0.0312 -0.0001
16.8904 5.0547 -5.0539 5.4415 -0.0392 -0.0393 -0.0031 -0.3247 0.3282 0.0252 0.0290 0.0283 -0.0001
16.9174 5.0470 -5.0461 5.4421 -0.0400 -0.0401 -0.0030 -0.3142 0.3177 0.0240 0.0258 0.0252 -0.0001
16.9444 5.0377 -5.0367 5.4428 -0.0407 -0.0408 -0.0030 -0.3024 0.3058 0.0227 0.0227 0.0221 -0.0001
16.9774 5.0287 -5.0276 5.4435 -0.0413 -0.0414 -0.0030 -0.2916 0.2949 0.0214 0.0199 0.0194 -0.0001
17.0044 5.0209 -5.0197 5.4440 -0.0418 -0.0420 -0.0030 -0.2807 0.2838 0.0201 0.0172 0.0167 -0.0001
17.0314 5.0127 -5.0114 5.4446 -0.0422 -0.0424 -0.0029 -0.2697 0.2727 0.0187 0.0142 0.0137 -0.0001
17.0584 5.0063 -5.0050 5.4450 -0.0426 -0.0428 -0.0029 -0.2573 0.2601 0.0171 0.0116 0.0111 -0.0000
17.0884 4.9987 -4.9973 5.4455 -0.0429 -0.0431 -0.0029 -0.2460 0.2488 0.0157 0.0090 0.0086 -0.0000
17.1154 4.9922 -4.9907 5.4460 -0.0431 -0.0433 -0.0029 -0.2335 0.2360 0.0141 0.0065 0.0061 -0.0000
17.1454 4.9846 -4.9830 5.4464 -0.0433 -0.0435 -0.0029 -0.2208 0.2233 0.0125 0.0038 0.0034 -0.0000
17.1694 4.9794 -4.9778 5.4467 -0.0433 -0.0436 -0.0029 -0.2107 0.2130 0.0113 0.0016 0.0013 -0.0000
17.2024 4.9732 -4.9715 5.4470 -0.0433 -0.0436 -0.0029 -0.1981 0.2002 0.0097 -0.0010 -0.0013 -0.0000
17.2324 4.9675 -4.9657 5.4473 -0.0433 -0.0435 -0.0029 -0.1854 0.1874 0.0082 -0.0035 -0.0038 -0.0000
17.2534 4.9636 -4.9618 5.4474 -0.0432 -0.0434 -0.0029 -0.1766 0.1784 0.0071 -0.0055 -0.0057 -0.0000
17.2774 4.9590 -4.9571 5.4476 -0.0430 -0.0433 -0.0029 -0.1652 0.1669 0.0058 -0.0076 -0.0079 -0.0000
17.3104 4.9537 -4.9518 5.4478 -0.0427 -0.0430 -0.0029 -0.1502 0.1517 0.0041 -0.0104 -0.0106 -0.0000
17.3464 4.9485 -4.9465 5.4479 -0.0423 -0.0426 -0.0029 -0.1366 0.1379 0.0026 -0.0128 -0.0130 -0.0000
17.3794 4.9442 -4.9421 5.4478 -0.0411 -0.0412 -0.0030 -0.1250 0.1262 -0.0459 -0.1961 -0.1664 -0.0000
17.4124 4.9405 -4.9384 5.4450 -0.0351 -0.0348 -0.0032 -0.1180 0.1191 -0.1586 -0.1190 -0.1525 -0.0001
17.4394 4.9370 -4.9349 5.4394 -0.0319 -0.0322 -0.0033 -0.1103 0.1114 -0.2226 -0.1353 -0.1131 -0.0002
17.4724 4.9335 -4.9314 5.4315 -0.0276 -0.0275 -0.0035 -0.1017 0.1027 -0.2587 -0.0979 -0.1134 -0.0002
17.5054 4.9303 -4.9281 5.4227 -0.0244 -0.0246 -0.0036 -0.0930 0.0939 -0.2769 -0.0993 -0.0886 -0.0002
17.5414 4.9270 -4.9248 5.4126 -0.0213 -0.0214 -0.0036 -0.0852 0.0860 -0.2841 -0.0704 -0.0764 -0.0002
17.5744 4.9243 -4.9221 5.4032 -0.0192 -0.0193 -0.0037 -0.0793 0.0800 -0.2860 -0.0696 -0.0662 -0.0002
17.6044 4.9220 -4.9197 5.3946 -0.0173 -0.0174 -0.0037 -0.0739 0.0746 -0.2860 -0.0558 -0.0573 -0.0002
17.6374 4.9198 -4.9175 5.3860 -0.0155 -0.0156 -0.0038 -0.0686 0.0692 -0.2848 -0.0511 -0.0500 -0.0002
17.6704 4.9174 -4.9151 5.3758 -0.0139 -0.0140 -0.0038 -0.0639 0.0644 -0.2829 -0.0432 -0.0434 -0.0001
17.6974 4.9159 -4.9136 5.3690 -0.0128 -0.0129 -0.0038 -0.0603 0.0608 -0.2811 -0.0392 -0.0387 -0.0001
17.7274 4.9139 -4.9116 5.3598 -0.0116 -0.0117 -0.0038 -0.0567 0.0571 -0.2790 -0.0338 -0.0337 -0.0001
17.7604 4.9123 -4.9100 5.3514 -0.0106 -0.0107 -0.0038 -0.0531 0.0535 -0.2767 -0.0297 -0.0295 -0.0001
17.7934 4.9106 -4.9082 5.3423 -0.0097 -0.0098 -0.0039 -0.0501 0.0504 -0.2745 -0.0264 -0.0262 -0.0001
17.8234 4.9091 -4.9068 5.3341 -0.0090 -0.0090 -0.0039 -0.0473 0.0476 -0.2724 -0.0235 -0.0233 -0.0001
17.8534 4.9076 -4.9052 5.3252 -0.0082 -0.0083 -0.0039 -0.0443 0.0445 -0.2698 -0.0208 -0.0206 -0.0001
17.8864 4.9061 -4.9038 5.3163 -0.0076 -0.0077 -0.0039 -0.0419 0.0421 -0.2678 -0.0183 -0.0181 -0.0001
17.9254 4.9047 -4.9023 5.3067 -0.0070 -0.0070 -0.0039 -0.0391 0.0393 -0.2652 -0.0161 -0.0159 -0.0001
17.9674 4.9030 -4.9006 5.2948 -0.0063 -0.0063 -0.0039 -0.0362 0.0363 -0.2623 -0.0139 -0.0137 -0.0001
18.0004 4.9018 -4.8994 5.2861 -0.0059 -0.0059 -0.0039 -0.0344 0.0345 -0.2604 -0.0126 -0.0124 -0.0000
18.0334 4.9007 -4.8983 5.2776 -0.0055 -0.0055 -0.0039 -0.0326 0.0327 -0.2584 -0.0114 -0.0112 -0.0000
18.0694 4.8995 -4.8972 5.2683 -0.0051 -0.0051 -0.0039 -0.0307 0.0308 -0.2563 -0.0103 -0.0102 -0.0000
18.1024 4.8985 -4.8962 5.2599 -0.0047 -0.0047 -0.0039 -0.0291 0.0292 -0.2544 -0.0093 -0.0092 -0.0000
18.1354 4.8977 -4.8953 5.2523 -0.0045 -0.0045 -0.0039 -0.0276 0.0277 -0.2526 -0.0085 -0.0084 -0.0000
18.1714 4.8966 -4.8942 5.2424 -0.0042 -0.0042 -0.0039 -0.0261 0.0261 -0.2507 -0.0077 -0.0076 -0.0000
18.1984 4.8959 -4.8936 5.2357 -0.0040 -0.0040 -0.0039 -0.0250 0.0250 -0.2494 -0.0072 -0.0072 -0.0000
18.2284 4.8953 -4.8929 5.2290 -0.0038 -0.0038 -0.0039 -0.0240 0.0240 -0.2480 -0.0067 -0.0067 -0.0000
18.2584 4.8946 -4.8922 5.2215 -0.0036 -0.0036 -0.0039 -0.0228 0.0228 -0.2464 -0.0063 -0.0062 -0.0000
18.2854 4.8939 -4.8915 5.2142 -0.0034 -0.0034 -0.0039 -0.0217 0.0218 -0.2451 -0.0058 -0.0058 -0.0000
18.3184 4.8932 -4.8908 5.2061 -0.0032 -0.0032 -0.0039 -0.0208 0.0208 -0.2437 -0.0054 -0.0054 -0.0000
18.3484 4.8926 -4.8902 5.1988 -0.0031 -0.0030 -0.0039 -0.0198 0.0198 -0.2424 -0.0051 -0.0050 -0.0000
18.3814 4.8920 -4.8896 5.1915 -0.0029 -0.0029 -0.0039 -0.0190 0.0190 -0.2411 -0.0048 -0.0048 -0.0000
18.4084 4.8914 -4.8890 5.1843 -0.0028 -0.0028 -0.0039 -0.0181 0.0181 -0.2399 -0.0045 -0.0045 -0.0000
18.4444 4.8908 -4.8885 5.1764 -0.0026 -0.0026 -0.0039 -0.0172 0.0172 -0.2385 -0.0042 -0.0042 -0.0000
18.4804 4.8902 -4.8878 5.1671 -0.0025 -0.0025 -0.0039 -0.0163 0.0163 -0.2371 -0.0039 -0.0039 -0.0000
18.5164 4.8896 -4.8872 5.1586 -0.0023 -0.0023 -0.0039 -0.0155 0.0155 -0.2359 -0.0037 -0.0036 -0.0000
18.5554 4.8891 -4.8867 5.1502 -0.0022 -0.0022 -0.0039 -0.0146 0.0146 -0.2345 -0.0034 -0.0034 -0.0000
18.5854 4.8886 -4.8863 5.1431 -0.0021 -0.0021 -0.0039 -0.0139 0.0139 -0.2334 -0.0032 -0.0032 -0.0000
18.6154 4.8882 -4.8859 5.1361 -0.0020 -0.0020 -0.0039 -0.0134 0.0134 -0.2325 -0.0031 -0.0031 -0.0000
18.6424 4.8878 -4.8855 5.1292 -0.0019 -0.0019 -0.0039 -0.0128 0.0128 -0.2317 -0.0029 -0.0029 -0.0000
18.6694 4.8875 -4.8852 5.1236 -0.0018 -0.0018 -0.0039 -0.0123 0.0123 -0.2308 -0.0028 -0.0028 -0.0000
18.6934 4.8872 -4.8848 5.1174 -0.0018 -0.0018 -0.0039 -0.0119 0.0118 -0.2300 -0.0027 -0.0027 -0.0000
18.7234 4.8869 -4.8845 5.1112 -0.0017 -0.0017 -0.0039 -0.0114 0.0114 -0.2292 -0.0025 -0.0026 -0.0000
18.7534 4.8865 -4.8841 5.1036 -0.0016 -0.0016 -0.0039 -0.0109 0.0108 -0.2283 -0.0024 -0.0024 -0.0000
18.7894 4.8861 -4.8838 5.0954 -0.0015 -0.0015 -0.0039 -0.0103 0.0103 -0.2273 -0.0023 -0.0023 -0.0000
18.8224 4.8858 -4.8835 5.0886 -0.0015 -0.0015 -0.0039 -0.0099 0.0098 -0.2266 -0.0022 -0.0022 -0.0000
18.8434 4.8856 -4.8832 5.0832 -0.0014 -0.0014 -0.0039 -0.0095 0.0095 -0.2259 -0.0021 -0.0021 -0.0000
18.8794 4.8853 -4.8829 5.0757 -0.0014 -0.0013 -0.0039 -0.0090 0.0090 -0.2251 -0.0020 -0.0020 -0.0000
18.9094 4.8850 -4.8827 5.0690 -0.0013 -0.0013 -0.0039 -0.0086 0.0086 -0.2243 -0.0019 -0.0019 -0.0000
18.9364 4.8848 -4.8824 5.0629 -0.0012 -0.0012 -0.0039 -0.0083 0.0083 -0.2238 -0.0018 -0.0018 -0.0000
18.9664 4.8845 -4.8822 5.0556 -0.0012 -0.0012 -0.0039 -0.0079 0.0079 -0.2231 -0.0017 -0.0017 -0.0000
19.0024 4.8842 -4.8819 5.0476 -0.0011 -0.0011 -0.0039 -0.0075 0.0075 -0.2223 -0.0016 -0.0016 -0.0000
19.0414 4.8840 -4.8816 5.0389 -0.0011 -0.0010 -0.0039 -0.0071 0.0071 -0.2215 -0.0015 -0.0015 -0.0000
19.0744 4.8837 -4.8814 5.0316 -0.0010 -0.0010 -0.0039 -0.0068 0.0068 -0.2208 -0.0015 -0.0015 -0.0000
19.1044 4.8835 -4.8812 5.0250 -0.0010 -0.0010 -0.0039 -0.0065 0.0065 -0.2202 -0.0014 -0.0014 -0.0000
19.1344 4.8833 -4.8810 5.0184 -0.0009 -0.0009 -0.0039 -0.0062 0.0062 -0.2197 -0.0013 -0.0014 -0.0000
19.1674 4.8832 -4.8808 5.0118 -0.0009 -0.0009 -0.0039 -0.0060 0.0059 -0.2191 -0.0013 -0.0013 -0.0000
19.1944 4.8830 -4.8806 5.0052 -0.0008 -0.0008 -0.0039 -0.0057 0.0057 -0.2186 -0.0012 -0.0012 -0.0000
19.2274 4.8828 -4.8804 4.9980 -0.0008 -0.0008 -0.0039 -0.0054 0.0054 -0.2181 -0.0012 -0.0012 -0.0000
19.2574 4.8826 -4.8803 4.9915 -0.0008 -0.0008 -0.0039 -0.0052 0.0052 -0.2175 -0.0011 -0.0011 -0.0000
19.2934 4.8825 -4.8801 4.9837 -0.0007 -0.0007 -0.0039 -0.0049 0.0049 -0.2170 -0.0011 -0.0011 -0.0000
19.3294 4.8823 -4.8799 4.9765 -0.0007 -0.0007 -0.0039 -0.0047 0.0047 -0.2165 -0.0010 -0.0010 -0.0000
19.3624 4.8821 -4.8798 4.9694 -0.0007 -0.0007 -0.0039 -0.0045 0.0045 -0.2160 -0.0010 -0.0010 -0.0000
19.3864 4.8820 -4.8797 4.9635 -0.0006 -0.0006 -0.0039 -0.0043 0.0043 -0.2157 -0.0009 -0.0009 -0.0000
19.4194 4.8819 -4.8795 4.9564 -0.0006 -0.0006 -0.0039 -0.0041 0.0041 -0.2152 -0.0009 -0.0009 -0.0000
19.4554 4.8817 -4.8794 4.9493 -0.0006 -0.0006 -0.0039 -0.0039 0.0039 -0.2147 -0.0008 -0.0008 -0.0000
19.4914 4.8816 -4.8792 4.9410 -0.0005 -0.0005 -0.0039 -0.0037 0.0037 -0.2143 -0.0008 -0.0008 -0.0000
19.5214 4.8815 -4.8791 4.9345 -0.0005 -0.0005 -0.0039 -0.0036 0.0035 -0.2139 -0.0008 -0.0008 -0.0000
19.5544 4.8814 -4.8790 4.9275 -0.0005 -0.0005 -0.0039 -0.0034 0.0034 -0.2135 -0.0007 -0.0007 -0.0000
19.5874 4.8813 -4.8789 4.9204 -0.0005 -0.0005 -0.0039 -0.0032 0.0032 -0.2132 -0.0007 -0.0007 -0.0000
19.6204 4.8812 -4.8788 4.9141 -0.0005 -0.0005 -0.0039 -0.0031 0.0031 -0.2128 -0.0007 -0.0007 -0.0000
19.6504 4.8811 -4.8787 4.9077 -0.0004 -0.0004 -0.0039 -0.0029 0.0029 -0.2125 -0.0006 -0.0006 -0.0000
19.6864 4.8810 -4.8786 4.9000 -0.0004 -0.0004 -0.0039 -0.0028 0.0028 -0.2121 -0.0006 -0.0006 -0.0000
19.7134 4.8809 -4.8785 4.8937 -0.0004 -0.0004 -0.0039 -0.0027 0.0026 -0.2118 -0.0006 -0.0006 -0.0000
19.7524 4.8808 -4.8784 4.8860 -0.0004 -0.0004 -0.0039 -0.0025 0.0025 -0.2115 -0.0005 -0.0005 -0.0000
19.7884 4.8807 -4.8783 4.8778 -0.0004 -0.0004 -0.0039 -0.0024 0.0024 -0.2111 -0.0005 -0.0005 -0.0000
19.8304 4.8806 -4.8782 4.8689 -0.0003 -0.0003 -0.0039 -0.0022 0.0022 -0.2107 -0.0005 -0.0005 -0.0000
19.8694 4.8805 -4.8782 4.8607 -0.0003 -0.0003 -0.0039 -0.0021 0.0021 -0.2104 -0.0005 -0.0005 -0.0000
19.9144 4.8804 -4.8781 4.8513 -0.0003 -0.0003 -0.0039 -0.0020 0.0020 -0.2101 -0.0004 -0.0004 -0.0000
19.9594 4.8803 -4.8780 4.8418 -0.0003 -0.0003 -0.0039 -0.0019 0.0019 -0.2097 -0.0004 -0.0004 -0.0000
19.9894 4.8803 -4.8779 4.8355 -0.0003 -0.0003 -0.0039 -0.0018 0.0018 -0.2095 -0.0004 -0.0004 -0.0000
