
0.0000
0.0000
0.0000

0.0000
0.0000
0.0000

0.0000
0.0000
0.0000

0.0000
0.0000
0.0000

0.0000
0.0000
0.0000

0.0000
0.0000
0.0000

0.0000
0.0000
0.0000

0.0000
0.0000
0.0000

0.0000
0.0000
0.0000

0.0000
0.0000
0.0000

0.0000
0.0000
0.0000

0.0000
0.0000
0.0000

0.0000
0.0000
0.0000

0.0000
0.0000
0.0000

0.0000
0.0000
0.0000

0.0000
0.0000
0.0000

1.2000
0.0000
0.0000

2.4000
0.0000
0.0000

3.6000
0.0000
0.0000

4.8000
0.0000
0.0000

6.0000
0.0000
0.0000

6.0000
0.0000
0.0000

6.0000
0.0000
0.0000

6.0000
0.0000
0.0000

6.0000
0.0000
0.0000

6.0000
0.0000
0.0000

6.0000
0.0000
0.0000

6.0000
0.0000
0.0000

6.0000
0.0000
0.0000

6.0000
0.0000
0.0000

6.0000
0.0000
0.0000

6.0000
0.0000
0.0000

6.0000
0.0000
0.0000

6.0000
0.0000
0.0000

6.0000
0.0000
0.0000

6.0000
0.0000
0.0000

6.0000
0.0000
0.0000

6.0000
0.0000
0.0000

6.0000
0.0000
0.0000

4.8000
0.0000
0.0000

3.8400
0.0000
0.0000

3.0720
0.0000
0.0000

2.4576
0.0000
0.0000

1.9661
0.0000
0.0000

1.5729
0.0000
0.0000

1.2583
0.0000
0.0000

1.0066
0.0000
0.0000

0.8053
0.0000
0.0000

0.6442
0.0000
0.0000

0.5154
0.0000
0.0000

0.4123
0.0000
0.0000

0.3299
0.0000
0.0000

0.2639
0.0000
0.0000

0.2111
0.0000
0.0000

0.1689
0.0000
0.0000

0.1351
0.0000
0.0000

0.1081
0.0000
0.0000

0.0865
0.0000
0.0000

0.0692
0.0000
0.0000

0.0553
0.0000
0.0000

0.0443
0.0000
0.0000

0.0354
0.0000
0.0000

0.0283
0.0000
0.0000

0.0227
0.0000
0.0000

0.0000
0.0000
0.0000

0.0000
0.0000
0.0000

0.0000
0.0000
0.0000

0.0000
0.0000
0.0000

0.0000
0.0000
0.0000

0.0000
0.0000
0.0000

0.0000
0.0000
0.0000

0.0000
0.0000
0.0000

0.0000
0.0000
0.0000

0.0000
0.0000
0.0000

0.0000
0.0000
0.0000

0.0000
0.0000
0.0000

0.0000
0.0000
0.0000

0.0000
0.0000
0.0000

0.0000
0.0000
0.0000

0.0000
0.0000
0.0000

0.0000
0.0000
0.0000

0.0000
0.0000
0.0000

0.0000
0.0000
0.0000

0.0000
0.0000
0.0000

0.0000
0.0000
0.0000

0.0000
0.0000
0.0000

0.0000
0.0000
0.0000

0.0000
0.0000
0.0000

0.0000
0.0000
0.0000

0.0000
0.0000
0.0000

0.0000
0.0000
0.0000

0.0000
0.0000
0.0000

0.0000
0.0000
0.0000

0.0000
0.0000
0.0000

0.0000
0.0000
0.0000

0.0000
0.0000
0.0000

0.0000
0.0000
-0.4941

0.0000
0.0000
-1.0033

0.0000
0.0000
-0.2083

0.0000
0.0000
-0.0432

0.0000
0.0000
0.5003

0.0000
0.0000
1.0389

0.0000
0.0000
1.4986

0.0000
0.0000
1.8794

0.0000
0.0000
2.1441

0.0000
0.0000
1.9233

0.0000
0.0000
1.6636

0.0000
0.0000
1.4315

0.0000
0.0000
1.2297

0.0000
0.0000
0.9748

0.0000
0.0000
0.0000

0.0000
0.0000
0.0000

0.0000
0.0000
0.0000

0.0000
0.0000
0.0000

0.0000
0.0000
0.0000

0.5016
0.0000
0.0000

1.0002
0.0000
0.0000

1.5021
0.0000
0.0000

2.0128
0.0000
0.0000

2.5331
0.0000
0.0000

2.5692
0.0000
0.0000

2.5975
0.0000
0.0000

2.4557
0.0000
0.0000

2.2122
0.0000
0.0000

1.9069
0.0000
0.0000

1.6938
0.1167
0.0000

1.4824
0.2944
0.0000

1.3640
0.3113
0.0000

1.2793
0.2055
0.0000

1.2554
0.1216
0.0000

1.2688
0.0641
0.0000

1.3877
0.0262
0.0000

1.1838
-0.0028
0.0000

1.0044
-0.0167
0.0000

0.9294
-0.0243
0.0000

0.9207
-0.0299
0.0000

0.7441
-0.0236
0.1854

0.6503
-0.0203
0.4018

0.5781
-0.0178
0.6631

0.5227
-0.0160
0.9890

0.4455
-0.0135
1.3032

0.3353
-0.0102
1.4649

0.2492
-0.0075
1.6019

0.1433
-0.0043
1.3380

0.0000
0.0000
0.0000

0.0000
0.0000
0.0000

0.0000
0.0000
0.0000

0.0000
0.0000
0.0000

0.0000
0.0000
0.0000

0.0000
0.0000
0.0000

0.0000
0.0000
0.0000

0.0000
0.0000
0.0000

0.0000
0.0000
0.0000

0.0000
0.0000
0.0000

0.0000
0.0000
0.0000

0.0000
0.0000
0.0000

0.0000
0.0000
0.0000

0.0000
0.0000
0.0000

0.0000
0.0000
0.0000

0.0000
0.0000
0.0000

0.0000
0.0000
0.0000

0.0000
0.0000
0.0000

0.0000
0.0000
0.0000

0.0000
0.0000
0.0000

0.0000
0.0000
0.0000

0.0000
0.0000
0.0000

0.0000
0.0000
0.0000

0.0000
0.0000
0.0000

0.0000
0.0000
0.0000

0.0000
0.0000
0.0000

0.0000
0.0000
0.0000

0.0000
0.0000
0.0000

0.0000
0.0000
0.0000

0.0000
0.0000
0.0000

0.0000
0.0000
0.0000

0.0000
0.0000
0.0000

0.0000
0.0000
0.0000

0.0000
0.0000
-0.3796

0.0000
0.0000
-0.7556

0.0000
0.0000
-1.1657

0.0000
0.0000
-1.5599

0.0000
0.0000
-1.9704

0.0000
0.0000
-2.1233

0.0000
0.0000
-2.2114

0.0000
0.0000
-2.5443

0.0000
0.0000
-2.6448

0.0000
0.0000
-2.7819

0.0000
0.0000
-2.9111

0.0000
0.0000
-3.1256

0.0000
0.0000
-3.3217

0.0000
0.0000
-3.6193

0.0000
0.0000
-3.8659

0.0000
0.0000
-4.1428

0.0000
0.0000
-4.4302

0.0000
0.0000
-4.8949

0.0000
0.0000
-5.4701

0.0000
0.0000
-6.0000

0.0000
0.0000
-6.0000

0.0000
0.0000
-6.0000

0.0000
0.0000
-6.0000

0.0000
0.0000
-6.0000

0.0000
0.0000
-6.0000

0.0000
0.0000
-6.0000

0.0000
0.0000
-6.0000

0.0000
0.0000
-6.0000

0.0000
0.0000
-1.2000

0.0000
0.0000
-0.2400

0.0000
0.0000
-0.0480

0.0000
0.0000
-0.0096

0.0000
0.0000
-0.0019

0.0000
0.0000
-0.0004

0.0000
0.0000
-0.0001

0.0000
0.0000
-0.0000

0.0000
0.0000
-0.0000

0.0000
0.0000
-0.0000

0.0000
0.0000
-0.0000

0.0000
0.0000
-0.0000

-0.0000
-0.0000
1.2000

-0.0000
-0.0000
2.4000

-0.0000
-0.0000
3.6000

-0.0000
-0.0000
4.8000

-0.0000
-0.0000
6.0000

-0.0000
-0.0000
6.0000

-0.0000
-0.0000
6.0000

-0.0000
-0.0000
6.0000

-0.0000
-0.0000
6.0000

-0.0000
-0.0000
6.0000

-0.0000
-0.0000
6.0000

-0.0000
-0.0000
6.0000

-0.0000
-0.0000
6.0000

-0.0000
-0.0000
6.0000

-0.0000
-0.0000
6.0000

-0.0000
-0.0000
6.0000

-0.0000
-0.0000
5.4449

-0.0000
-0.0000
4.8752

-0.0000
-0.0000
4.3256

-0.0000
-0.0000
3.9278

-0.0000
-0.0000
3.5945

-0.0000
-0.0000
3.3323

-0.0000
-0.0000
3.0074

-0.0000
-0.0000
2.8582

-0.0000
-0.0000
2.6475

-0.0000
-0.0000
2.5354

-0.0000
-0.0000
2.2888

-0.0000
-0.0000
2.0722

-0.0000
-0.0000
1.9722

-0.0000
-0.0000
1.8954

-0.0000
-0.0000
1.8752

-0.0000
-0.0000
1.7705

-0.0000
-0.0000
1.3187

-0.0000
-0.0000
1.0248

0.0010
-0.0011
1.0164

0.0008
-0.0021
1.6302

0.0007
-0.0019
0.3789

0.0006
-0.0015
0.0750

0.0005
-0.0012
0.0149

0.0004
-0.0010
0.0030

0.0003
-0.0008
0.0006

0.0002
-0.0006
0.0001

0.0002
-0.0005
0.0000

0.3539
-0.0165
0.0000

0.7023
-0.0324
0.0000

1.0485
-0.0482
0.0000

1.3994
-0.0642
0.0000

1.7394
0.0596
0.0000

1.7464
0.2734
0.0000

1.7439
0.3445
0.0000

1.7657
0.2616
0.0000

1.7790
0.1738
0.0000

1.7852
0.1064
0.0000

1.7873
0.0590
0.0000

1.7878
0.0267
0.0000

1.7877
0.0051
0.0000

1.7874
-0.0094
0.0000

1.7869
-0.0190
0.0000

1.7865
-0.0255
0.0000

1.7860
-0.0298
0.0000

1.7837
0.0868
0.0000

1.7603
0.2959
0.0000

1.7199
0.4725
0.0000

1.6801
0.6001
0.0000

1.6471
0.6869
0.0000

1.6189
0.7432
0.0000

1.5985
0.7803
0.0000

1.5857
0.8055
0.0000

1.5758
0.8216
0.0000

1.5721
0.8338
0.0000

1.5702
0.8424
0.0000

1.5683
0.8477
0.0000

1.5671
0.8513
0.0000

1.5676
0.8544
0.0000

1.5676
0.8564
0.0000

1.5667
0.8571
0.0000

1.6189
0.7527
0.0000

1.6929
0.5646
0.0000

1.7381
0.3979
0.0000

1.7626
0.2726
0.0000

1.7757
0.1850
0.0000

1.7830
0.1252
0.0000

1.6895
0.0803
0.0000

1.6458
0.0533
0.0000

1.6692
0.0371
0.0000

1.7048
0.0264
0.0000

1.7485
0.1054
0.0000

1.7698
0.2771
0.0000

1.7377
0.4319
0.0000

1.7049
0.5451
0.0000

1.6787
0.6233
0.0000

1.6178
0.6589
0.0000

1.5483
0.6688
0.0000

1.4989
0.6727
0.0000

1.4562
0.6701
0.0000

1.3488
0.6310
0.0000

1.2395
0.5863
0.0000

1.1292
0.5381
0.0000

0.9907
0.4745
0.0000

0.9039
0.4343
0.0000

0.8572
0.4129
0.0000

0.8524
0.4112
0.0000

0.8293
0.3910
0.0000

0.0000
0.0000
0.0000

0.0000
0.0000
0.0000

0.0000
0.0000
0.0000

0.0000
0.0000
0.0000

0.0000
0.0000
0.0000

0.0000
0.0000
0.0000

0.0000
0.0000
0.0000

0.0000
0.0000
0.0000

0.0000
0.0000
0.0000

0.0000
0.0000
0.0000

0.0000
0.0000
0.0000

0.7078
0.0000
0.0000

1.4115
0.0000
0.0000

2.1220
0.0000
0.0000

2.8470
0.0000
0.0000

3.6113
0.0000
0.0000

3.7268
0.0000
0.0000

3.8120
0.0000
0.0000

3.7814
0.0000
0.0000

3.5744
0.0000
0.0000

3.2562
0.0000
0.0000

2.9665
0.0000
0.0000

2.5475
0.0000
0.0000

2.2957
-0.0000
0.0000

2.1542
-0.0000
0.0000

2.0510
-0.0000
0.0000

1.9699
-0.0000
0.0000

1.9608
-0.0000
0.0000

2.0001
-0.0000
0.0000

2.2235
-0.0000
0.0000

2.0214
-0.0000
0.0000

1.4916
-0.0000
0.3718

1.1417
-0.0000
0.6991

0.9018
-0.0000
1.0009

0.7434
-0.0000
1.3129

0.5900
-0.0000
1.5413

0.4455
-0.0000
1.6521

0.3400
-0.0000
1.7475

0.2643
-0.0000
1.8454

0.2120
-0.0000
1.9734

0.1645
-0.0000
2.0090

0.0943
-0.0000
1.4922

0.0589
-0.0000
1.1933

0.0370
-0.0000
0.9575

0.0242
-0.0000
0.9253

0.0255
-0.0000
1.2991

0.0235
-0.0000
0.2997

0.3284
-0.0000
0.0609

0.5630
-0.0000
0.0108

0.7806
0.0378
0.0020

0.9731
0.1263
0.0004

1.1341
0.2270
0.0001

1.0961
0.2752
0.0000

1.0664
0.3083
0.0000

1.0515
0.2983
0.0000

1.0457
0.2356
0.0000

1.0462
0.1742
0.0000

1.0379
0.1644
0.0000

1.0180
0.2104
0.0000

0.9870
0.2563
-0.1706

0.9514
0.2906
-0.3070

0.9342
0.3187
-0.4235

0.9370
0.3442
-0.5307

0.9932
0.3832
-0.6584

1.0356
0.4124
-0.7696

1.0946
0.4447
-0.8855

1.2244
0.5036
-1.0553

1.3222
0.5478
-1.1938

1.4395
0.5990
-1.3451

1.5748
0.6567
-1.5089

2.3259
0.9698
-0.3518

2.6570
1.1097
-0.0664

2.7175
1.1376
-0.0113

2.7384
1.1475
-0.0019

2.7143
1.1376
-0.4809

2.6830
1.1233
-0.8729

2.7041
1.0465
-1.2112

2.8114
0.8668
-1.5373

2.9501
0.6917
-1.8526

3.1202
0.5484
-2.1656

3.4830
0.4614
-2.6015

3.1745
0.4190
-2.5038

2.8472
0.6183
-2.4221

3.1733
1.1490
-0.4576

3.0048
1.5787
-0.0785

2.5184
1.8475
-0.0126

2.1638
2.0599
-0.0021

1.8853
2.1850
-0.0003

1.6791
2.2513
-0.0001

1.5313
2.2830
-0.0000

1.4194
2.2838
-0.0000

1.2598
2.1396
-0.0000

1.0933
1.9299
-0.0000

0.9355
1.6984
-0.0000

0.7884
1.4610
-0.0000

0.6506
1.2241
-0.0000

0.4409
0.8388
-0.0000

0.3962
0.7656
-0.0000

0.5711
1.1149
-0.0000

0.6764
1.3310
-0.0000

0.7073
1.4000
-0.0000

0.6964
1.3835
-0.0000

0.6704
1.3343
-0.0000

0.6469
1.2887
-0.0000

0.6658
1.2159
-0.0000

0.7548
1.0914
-0.0000

0.8568
0.9336
-0.0000

0.9272
0.7875
-0.0000

0.9913
0.6890
-0.0000

1.0702
0.6365
-0.0000

1.1486
0.6084
-0.0000

1.2243
0.5965
-0.0000

1.2621
0.5797
-0.0000

1.2259
0.5405
-0.0000

1.0319
0.4423
-0.0000

0.9028
0.3797
-0.0000

0.8517
0.3565
-0.0000

1.1695
0.4847
-0.0000

1.3837
0.5723
-0.0000

1.4632
0.6054
-0.0000

1.4740
0.6092
-0.0000

1.4556
0.6001
-0.0000

1.4120
0.5805
-0.0000

1.3511
0.5539
-0.0000

1.2761
0.5219
-0.0000

1.1574
0.4725
-0.0000

1.1122
0.4536
-0.0000

1.1006
0.4485
-0.0000

1.0864
0.4425
-0.0000

1.1029
0.4491
-0.0000

1.0988
0.4473
-0.0000

1.1050
0.4496
0.1987

1.0704
0.4353
0.3547

1.0224
0.4158
0.4707

0.8100
0.3293
0.7022

0.6445
0.2619
0.9258

0.4247
0.1726
0.9386

0.2655
0.1079
0.8682

0.1941
0.0954
0.9715

0.2097
0.1031
0.2624

0.1960
0.0964
0.0613

0.1669
0.0821
0.0131

0.1378
0.0677
0.0027

0.1129
0.0555
0.0006

0.0918
0.0451
0.0001

0.0743
0.0365
0.0000

0.1925
-0.3118
0.0000

0.1584
-0.6826
0.0000

0.0078
-1.0321
0.0000

-0.1924
-1.3759
0.0000

-0.4118
-1.7413
0.0000

-0.5805
-1.9211
0.0000

-0.6776
-1.9603
0.3514

-0.7540
-2.0017
0.6739

-0.7793
-1.9547
0.9279

-0.7842
-1.8926
1.1240

-0.7912
-1.8595
1.2915

-0.7917
-1.8258
1.4200

-0.8229
-1.8722
1.5830

-0.8540
-1.9245
1.7339

-0.9058
-2.0268
1.9184

-0.7869
-1.9395
1.8827

-0.5292
-1.8963
1.8532

-0.1761
-1.8715
1.8879

0.2951
-2.2240
0.3801

0.9617
-2.4859
0.0810

1.7554
-2.4820
0.0174

2.4854
-2.1470
0.6854

3.1616
-1.5088
0.1458

3.5604
-0.7207
0.0288

3.5370
0.0828
0.0052

3.3515
0.8849
0.0010

2.8964
1.6209
0.0002

2.3079
2.1940
0.0000

1.6671
2.5007
0.0000

1.1103
2.5696
0.0000

0.6657
2.3884
0.0000

0.3265
2.2775
0.0000

-0.0401
1.9549
0.0000

-0.3280
1.6373
0.0000

-0.4816
1.3033
0.0000

-0.5298
1.0279
0.0000

-0.5178
0.8158
0.0000

-0.5900
0.8058
0.0000

-0.8686
1.0824
0.0000

-1.0504
1.2369
0.0000

-1.1108
1.2615
0.0000

-1.1079
1.2280
0.0000

-1.1003
1.1988
0.0000

-1.0917
1.1748
0.0000

-1.0989
1.1725
0.0000

-1.1313
1.1999
0.0000

-1.1619
1.2274
0.0000

-1.1939
1.1964
0.0000

-1.2839
1.0573
0.0000

-1.4251
0.8390
0.0000

-1.5687
0.5507
0.0000

-1.6901
0.1804
0.0000

-1.7418
-0.2476
0.0000

-1.7476
-0.7490
0.0000

-1.5401
-1.2373
0.0000

-1.1806
-1.6764
0.0000

-0.6371
-1.9098
0.0000

-0.0279
-1.8909
0.0000

0.5454
-1.6842
0.0000

1.1240
-1.4247
0.0000

1.7492
-1.0980
0.0000

2.4449
-0.7303
0.0000

2.0559
-0.6141
0.0000

1.3558
-0.5804
0.0000

0.6257
-0.5691
0.0000

-0.0557
-0.5802
0.0000

-0.6699
-0.6164
0.0000

-1.2455
-0.6804
0.0000

-1.8208
-0.7730
0.0000

-2.4227
-0.8932
0.0000

-2.9075
-0.9864
0.0000

-3.1238
-1.0057
0.0000

-3.3353
-1.0355
0.0000

-3.5099
-1.0799
0.6204

-3.6196
-1.1045
1.1945

-3.6678
-1.1105
1.7021

-3.6698
-1.2219
2.1521

-3.5901
-1.4712
2.5464

-2.7680
-1.1243
3.4397

-2.0950
-0.8509
0.6509

-1.6336
-0.6582
1.4329

-1.3151
-0.5287
2.1230

-1.1326
-0.4565
2.8439

-0.9893
-0.4008
3.5330

-0.7364
-0.3002
3.5469

-0.5479
-0.2251
3.4401

-0.4199
-0.1742
3.3472

-0.2762
-0.1157
2.7525

-0.1808
-0.0764
2.2358

-0.1172
-0.0500
1.7955

-0.0755
-0.0325
1.4323

-0.0428
-0.0185
1.0140

-0.0255
-0.0122
0.8639

-0.0270
-0.0123
1.2195

-0.0253
-0.0116
0.2865

-0.0201
-0.0092
0.0569

0.1937
0.1426
0.0104

0.3800
0.2751
0.0020

0.5388
0.3883
0.0004

0.6989
0.5028
0.0001

0.8545
0.6143
0.0000

0.8512
0.6117
0.0000

0.8355
0.6002
0.0000

0.8275
0.5941
0.0000

0.8403
0.5605
0.0000

0.8706
0.4917
0.0000

0.8863
0.4202
-0.1645

0.9213
0.3768
-0.0279

0.9364
0.3382
-0.1895

0.9821
0.3250
-0.0328

0.9893
0.3049
-0.1997

1.0249
0.3027
-0.0343

1.0360
0.2952
-0.2081

1.0811
0.3025
-0.0360

1.1069
0.3060
-0.0061

1.0967
0.2997
-0.1942

1.0696
0.2902
-0.3438

1.1810
0.3198
-0.0628

1.2225
0.3306
-0.0108

1.2174
0.3764
-0.0018

1.1884
0.4607
-0.0003

1.1360
0.5343
-0.2108

1.1342
0.6120
-0.0362

1.1323
0.6710
-0.0062

1.1177
0.7054
-0.0010

1.1046
0.7272
-0.0002

1.0948
0.7415
-0.0000

1.0880
0.7509
-0.0000

1.1085
0.7196
-0.0000

1.1359
0.5717
-0.0000

1.0971
0.3628
-0.0000

1.0225
0.1963
-0.0000

0.8929
0.0804
-0.0000

0.8681
0.0153
-0.0000

1.0794
-0.0359
-0.0000

1.2796
-0.0448
-0.0000

1.5030
0.0822
-0.0000

1.6135
0.2984
-0.0000

1.6760
0.5198
-0.0000

1.5491
0.6424
-0.0000

1.3294
0.6598
-0.0000

1.0378
0.5782
-0.0000

0.8692
0.5223
-0.0000

0.7364
0.4653
-0.0000

0.7431
0.4781
-0.0000

0.9073
0.5965
-0.0000

0.9944
0.6619
-0.0000

1.0449
0.7010
-0.0000

1.1052
0.7455
-0.0000

1.1718
0.7304
-0.0000

1.2616
0.6648
-0.0000

1.3091
0.5723
-0.0000

1.3429
0.4973
-0.0000

1.3789
0.3922
-0.0000

1.4128
0.2512
-0.0000

1.4312
0.1220
-0.0000

1.4223
0.0128
-0.2379

1.3853
-0.0642
-0.4269

1.4064
-0.1199
-0.6030

1.6134
-0.1717
-0.1140

1.6216
-0.2020
-0.3667

1.5946
-0.2172
-0.5707

1.5822
-0.2268
-0.7445

1.9137
-0.2071
-0.1472

2.0790
-0.0834
-0.0267

1.3734
0.0358
-0.0030

1.3657
0.1076
-0.0005

2.0838
0.2423
-0.0001

2.0620
0.2929
-0.0000

1.5695
0.2230
-0.0000

1.1928
0.1694
-0.0000

0.9181
0.1304
-0.0000
